0 0.7820457845522293 0.9555561177061103 0.1976022287263696 0.08888776458777947
0 0.8059287121471307 0.8996115335247132 0.1917794756031114 0.20077693295057344
0 0.8029587691323312 0.7422947156245169 0.17151242739850936 0.2151756999091429
0 0.6667359645830175 0.5155573959730987 0.164118083916172 0.2866412641334943
0 0.8578831393492484 0.5701198224764933 0.13289535499341093 0.28969102103089917
0 0.8304449823406067 0.3162611601065929 0.22069533684303835 0.34583920171816535
0 0.6313403827099491 0.15187335424998463 0.14825673458010194 0.2451973925821967
0 0.8025477621984443 0.14130874773669247 0.1792794756031114 0.20777263568479168
0 0.9160199097391162 0.11443306648359948 0.052335180521767555 0.13551477611928178
0 0.4173233345053472 0.13284231399720864 0.13873628883482797 0.2197060696514182
0 0.23628695794371818 0.08662465400215741 0.13210449375348404 0.15375352103089915
0 0.38050861485416404 0.2817401594292243 0.12605448165323557 0.18780097241038013
0 0.291755187062871 0.22394759158682848 0.12951582493918146 0.24577724672063966
0 0.147768837726801 0.25703897331489134 0.15459763817089806 0.2611499412027157
0 0.06937969643264494 0.4326730591359686 0.13303171037960507 0.31312852103089917
0 0.05296383519271819 0.567791687584671 0.057359023807713364 0.19357293758467103
0 0.2838285366935287 0.37748534938874456 0.11637040944452863 0.1341846494796016
0 0.33949675371243315 0.48043328697341564 0.05704995159900639 0.14044793758467106
0 0.23012175371243315 0.47470118611433304 0.16354539129415607 0.1882037641334941
0 0.19572350693388701 0.6112218622790433 0.16395445745273882 0.25851626413349427
0 0.10857698917629784 0.8145305687469071 0.1103567587805987 0.17448210085908258
0 0.09226216364794113 0.6636298100404797 0.05228972872636941 0.12770227611928178
0 0.17357527528065134 0.7913663856847917 0.1383908551898025 0.1603310696514182
0 0.316789464975801 0.7566715603791639 0.15122719847574836 0.21879866689245625
0 0.47838549512822615 0.7862406309350934 0.1779260538619427 0.24362824852966192
0 0.2609747604499284 0.9390713446968466 0.3241465480082102 0.12185731060630686