0 0.52890625 0.7019375520114209 0.31875 0.20107997964646956
0 0.72265625 0.8659978092475102 0.36875 0.2474503686106214
0 0.875 0.686481806872661 0.25 0.18185194482076028
0 0.896875 0.8477844770444776 0.20625 0.2123716044771271
0 0.88125 0.46571560549318003 0.2375 0.17338434757972224
0 0.72578125 0.42866158355776973 0.215625 0.16130042740790565
0 0.78984375 0.33436270691808956 0.2859375 0.16811034938874458
0 0.7390625 0.19107637437637265 0.3 0.20634733378491238
0 0.915625 0.2807983729060346 0.16875 0.14790631275401322
0 0.40234375 0.2124921924459111 0.2671875 0.2046277035271876
0 0.5375 0.2609816813646347 0.2234375 0.1867098631835545
0 0.5671875 0.10550628731209992 0.334375 0.1597113511977669
0 0.54453125 0.3683814235627185 0.1515625 0.06731805404758599
0 0.2234375 0.4867098631835545 0.278125 0.20832591361309588
0 0.26953125 0.3406880342598822 0.271875 0.19862336499257677
0 0.2171875 0.20044481456303548 0.2015625 0.16212594301173802
0 0.06640625 0.7956677040930145 0.1296875 0.2521091338757694
0 0.1421875 0.8129204811168075 0.225 0.20866675033868418
0 0.2859375 0.8251415993887445 0.2625 0.21375704206179832
0 0.4703125 0.8970653084007996 0.3 0.20586938319840087
0 0.62890625 0.31811582993972515 0.1625 0.1522662641334942