0 0.7547617786014864 0.8732169381521941 0.20124009618646851 0.14107076546195146
0 0.7808729000156984 0.7947412517876762 0.19755459019601868 0.2139980824314133
0 0.7825867113557765 0.6341226161817625 0.1775149087076729 0.22015248758216438
0 0.6527529115332619 0.4258153928536016 0.17221233901489227 0.2913897587939916
0 0.8426040960168324 0.454722287543371 0.14112603012188493 0.293526343641301
0 0.8225098839432657 0.20473813405960994 0.2304266322988031 0.352231406068835
0 0.6278844086228549 0.09595119582282681 0.1551686827542902 0.19190239164565362
0 0.7996602049019906 0.07007454438050867 0.1850545901960187 0.14014908876101734
0 0.9140872926509387 0.030055709074157427 0.056200414698122717 0.06011141814831485
0 0.4140947271345093 0.09434051158434067 0.14492066351699648 0.18868102316868135
0 0.23412697413928435 0.0668449947695092 0.13637898801910042 0.1336899895390184
0 0.37289182985958164 0.2305338122583561 0.13132938947037925 0.1914536606107628
0 0.28568449573883076 0.18467892044352463 0.13647324645662096 0.24952125212603188
0 0.1405158394782285 0.23703813014590186 0.16196431977759862 0.2656244842481844
0 0.06393475326930197 0.42303914514881136 0.12786950653860393 0.316963843641301
0 0.036525221607395617 0.5602521027251568 0.0629067716843644 0.19521664727484325
0 0.27327872105924145 0.33915912635288004 0.12009922359113023 0.13756338606495558
0 0.32603664411006666 0.43456747907803683 0.06105160580511537 0.14209164727484325
0 0.2166616441100667 0.4434956821124542 0.16877482576804842 0.19295225879399175
0 0.17823900645378593 0.5845191659015967 0.17123019237293696 0.26326475879399175
0 0.08504453404378211 0.7993466825714962 0.11526787985173244 0.17767820303441742
0 0.07309514946754428 0.6507496859054761 0.055927596186468476 0.1292090100019397
0 0.15081586698340665 0.767491033629663 0.1428472428284239 0.16434902667183912
0 0.2952578369463398 0.713633096806103 0.15736609981466554 0.22318189273291544
0 0.45623997696487323 0.7215258608909286 0.1847470553496283 0.24878767061270252
0 0.23380443785731364 0.9118471983233117 0.3276934687818067 0.1482769718303487