0 0.6495297727283799 0.42000450807465517 0.20107997964646937 0.3327211020792369
0 0.813590029964469 0.21459218981359732 0.2474503686106214 0.38603627884380154
0 0.6340740275896198 0.10392494771098174 0.18185194482076028 0.20784989542196347
0 0.7953766977614364 0.07660358588348262 0.21237160447712727 0.15320717176696524
0 0.4133078262101389 0.1059036900373119 0.17338434757972224 0.2118073800746238
0 0.37625380427472854 0.24461895745924403 0.16130042740790573 0.2269913203356503
0 0.28195492763504837 0.187956405594433 0.16811034938874458 0.2975406186759763
0 0.13866859509333146 0.24939358090910518 0.20634733378491235 0.3144446987598889
0 0.22839059362299338 0.078188643358982 0.14790631275401322 0.156377286717964
0 0.1600844131628699 0.5831523516550294 0.2046277035271876 0.281632198759889
0 0.20857390208159346 0.44485852364570944 0.1867098631835545 0.2366982070582587
0 0.06647709181397109 0.4270701402470934 0.13295418362794217 0.34514932448483504
0 0.31597364427967733 0.4297169304895423 0.06731805404758599 0.15606166846619499
0 0.4343020839005133 0.7405691522704407 0.20832591361309588 0.29280649710021506
0 0.288280254976841 0.705723323435928 0.19862336499257688 0.2858461020792369
0 0.14803703527999432 0.7684862004102742 0.16212594301173802 0.21304721950581343
0 0.7432599248099733 0.873565370727347 0.2521091338757696 0.1482761697155947
0 0.7605127018337663 0.7967777277809611 0.20866675033868437 0.23991829544054113
0 0.7727338201057034 0.6526725302704721 0.21375704206179832 0.277655093780867
0 0.8542715044110141 0.4628511684429729 0.22509733378491248 0.3158654888018452
0 0.2657080506566839 0.34948590144524816 0.1522662641334942 0.1733927236549982