0 0.67421875 0.47109375 0.18515625 0.31953125
0 0.828125 0.27734375 0.228125 0.36796875
0 0.640625 0.125 0.16796875 0.25
0 0.80078125 0.103125 0.2015625 0.20625
0 0.41953125 0.11875 0.1609375 0.2375
0 0.390625 0.27421875 0.14921875 0.21640625
0 0.29296875 0.21015625 0.15390625 0.2859375
0 0.15234375 0.2609375 0.18984375 0.30078125
0 0.2328125 0.084375 0.1390625 0.16796875
0 0.19140625 0.59765625 0.18984375 0.2671875
0 0.2328125 0.4625 0.17578125 0.2234375
0 0.07578125 0.4328125 0.1421875 0.334375
0 0.33984375 0.45546875 0.06015625 0.1515625
0 0.475 0.7765625 0.19453125 0.27890625
0 0.3265625 0.73046875 0.18515625 0.271875
0 0.1890625 0.7828125 0.1515625 0.2015625
0 0.7921875 0.93359375 0.2453125 0.1296875
0 0.80546875 0.8578125 0.196875 0.22578125
0 0.81015625 0.7140625 0.19921875 0.26171875
0 0.88203125 0.5296875 0.209375 0.30078125
0 0.28515625 0.37109375 0.14453125 0.16328125