0 0.7875 0.9375 0.196875 0.125
0 0.8109375 0.8609375 0.190625 0.1984375
0 0.80703125 0.7 0.1703125 0.20625
0 0.66953125 0.48046875 0.1625 0.27890625
0 0.8609375 0.525 0.13125 0.2828125
0 0.83203125 0.27265625 0.21953125 0.33359375
0 0.63203125 0.11875 0.146875 0.23671875
0 0.803125 0.09921875 0.17890625 0.1984375
0 0.91640625 0.06640625 0.0515625 0.1328125
0 0.41796875 0.1109375 0.13828125 0.2125
0 0.23671875 0.07421875 0.13046875 0.14609375
0 0.38203125 0.26171875 0.12421875 0.18125
0 0.29296875 0.20859375 0.128125 0.2390625
0 0.14921875 0.24921875 0.153125 0.253125
0 0.071875 0.42890625 0.13125 0.30625
0 0.05625 0.56484375 0.05703125 0.190625
0 0.2859375 0.3625 0.115625 0.128125
0 0.3421875 0.4625 0.05625 0.1375
0 0.2328125 0.4625 0.16171875 0.1796875
0 0.19921875 0.60078125 0.16328125 0.25
0 0.11328125 0.80859375 0.10859375 0.16875
0 0.09609375 0.65859375 0.0515625 0.12421875
0 0.178125 0.78203125 0.13828125 0.15234375
0 0.32109375 0.73984375 0.14921875 0.2109375
0 0.4828125 0.7609375 0.1765625 0.234375
0 0.26640625 0.93359375 0.3234375 0.121875