0 0.44086667101139587 0.5109384114710236 0.03212329528527036 0.02075259099298634
0 0.42273525517179567 0.4964556068752318 0.025727746071058634 0.01722707279438911
0 0.35852505190480805 0.5291691748892591 0.03212329528527036 0.02075259099298634
0 0.1277116995474432 0.5049750015411595 0.04149829528527027 0.021353368290882458
0 0.12411581865403107 0.48123711289221155 0.04306079528527027 0.021453497840531632
0 0.132202300457066 0.45903144586563355 0.041643844499482 0.024478368290882457
0 0.1287283899941493 0.5167938810908088 0.028852746071058543 0.017427331893687635
0 0.17591160504796122 0.5300040823551131 0.03681079528527027 0.0210529796419344
0 0.2592335272977022 0.5243734484865271 0.03844606989237613 0.022715609191583754
0 0.2326175233687608 0.506996181367664 0.03837329528527036 0.021153109191583752
0 0.17057128763678442 0.5100723141565158 0.04618579528527027 0.021653756939830338
0 0.18730502336876076 0.5040924244278336 0.036956344499482 0.0241779796419344
0 0.18438123056468986 0.48274835055371046 0.04015411910658786 0.025940738741233104
0 0.17342661393930134 0.46559112893134047 0.03837329528527027 0.021153109191583752
0 0.17657088461746578 0.4485538232558145 0.041643844499482 0.024478368290882457
0 0.20905589888548942 0.4576877937984502 0.03866439371369372 0.02740310919158375
0 0.2622900607961482 0.4587484484865271 0.03837329528527027 0.021153109191583752
0 0.23359998056468986 0.485902431367664 0.03866439371369372 0.02740310919158375
0 0.3158666710113959 0.502928047499078 0.044768844499482 0.024678627390180986
0 0.3429193225829725 0.5109303146179411 0.03681079528527027 0.0210529796419344
0 0.3319261646012551 0.5282482225452206 0.032268844499481995 0.023877590992986343
0 0.3684480155108779 0.48435732263750564 0.038518844499481994 0.02427810919158375
0 0.36448826158193653 0.4684319339885577 0.035321069892376225 0.022515350092285048
0 0.3203572719210187 0.45698449182355194 0.0414255206781645 0.019790868290882457
0 0.3106355155108779 0.48065252930048075 0.036956344499482 0.0241779796419344
0 0.34713594168956036 0.48769307371723974 0.033758569892376133 0.022415220542635693
0 0.2669925233687608 0.509199031459949 0.038518844499481994 0.02427810919158375
0 0.30140391067231376 0.5106206315522341 0.027290246071058632 0.01732720234403846
0 0.2939745543860074 0.48506991902916285 0.03212329528527027 0.02075259099298634
0 0.15898097022560762 0.48974002775932124 0.02587329528527027 0.02035207279438911