0 0.307190093560874 0.49906915097623 0.03795464106622681 0.016279564934808022
0 0.23115043078703482 0.4824368043847967 0.10467077962517113 0.054925053570722325
0 0.20850254097444926 0.5093811339301014 0.1028354949854351 0.045522780031772216
0 0.03605219411486997 0.6117227041399154 0.07210438822973994 0.06092959172016936
0 0.05649610860456879 0.6346283701303836 0.09391513605166188 0.06098413879807012
0 0.11333714199066365 0.6133340227281714 0.056096887305303114 0.04939207386326174
0 0.10374083313603273 0.5674311875008238 0.1032446719450392 0.059585280031772214
0 0.06376670249464719 0.5189351862830078 0.09244356426490723 0.06408186525911966
0 0.044852364179447324 0.4631488364451636 0.08970472835889465 0.06112050649282175
0 0.08706546166584721 0.44278574350717825 0.07144910266556703 0.04028980925276535
0 0.007015563473484426 0.516942038149447 0.014031126946968852 0.06611592370110611
0 0.09534932310690288 0.4801221022734762 0.04475021034569897 0.035138659090609536