0 0.4854969499873647 0.5246413896415205 0.025454641066226812 0.0169351944820761
0 0.49940032561418535 0.5308471240376884 0.027017141066226814 0.017017081637205854
0 0.2439459474800823 0.49007388059640905 0.0350114974927175 0.023676517412854637
0 0.23574700257378947 0.5029456948207602 0.031795569279472156 0.020387743102595123
0 0.23306227177411937 0.5145416140880658 0.03175010517284953 0.018825243102595125
0 0.28288041534762864 0.5234120030522178 0.031704641066226814 0.017262743102595124
0 0.2795053627612039 0.5318419787419583 0.02857964106622681 0.017098968792335613
0 0.2779572346271008 0.5043753980092636 0.03795464106622681 0.01759029172311415
0 0.28468460774663895 0.48829669662978253 0.03496603338609487 0.022114017412854636
0 0.31138350006650695 0.4850012782669884 0.02550010517284953 0.0184976944820761
0 0.30471596291948844 0.4721327860689046 0.033267141066226816 0.017344630257724702
0 0.3207668602539214 0.5120960447753318 0.02857964106622681 0.017098968792335613
0 0.3273889332943173 0.5265270369734157 0.031704641066226814 0.017262743102595124
0 0.3486190756141853 0.5229450135676673 0.02848871285298147 0.013973968792335612
0 0.27094035649299775 0.47662221223361484 0.02361935642649069 0.007478307326946343
0 0.32577260900028016 0.501404206240721 0.028397784639736124 0.01084896879233561
0 0.34893732436054414 0.5120075135676674 0.031704641066226814 0.017262743102595124
0 0.3578493231069029 0.5015203929208809 0.03482964106622681 0.017426517412854635
0 0.35508803595988436 0.4888566186106214 0.03492056927947225 0.020551517412854638
0 0.330133500066507 0.4859839241285454 0.014608069279472159 0.019486984396167806
0 0.4058094499873647 0.5204651447299031 0.03335806927947225 0.020469630257724702
0 0.39057089489365754 0.5063650231786058 0.03175010517284953 0.018825243102595125
0 0.3891758794542513 0.5274178296010408 0.023983069279472247 0.019978307326946165
0 0.39126957686782654 0.5361344103337355 0.033267141066226816 0.017344630257724702
0 0.42468147044133586 0.5441449841690252 0.025272784639736125 0.0106851944820761
0 0.4187497191876946 0.5328799355485062 0.022329641066226813 0.016771420171816587
0 0.443127593560874 0.5286804364530173 0.03331260517284953 0.018907130257724704
0 0.4397669128403462 0.5097257185651929 0.02862510517284953 0.01866146879233561
0 0.4205539115867049 0.497764629126071 0.030233069279472245 0.02030585594746519
0 0.39996026675955443 0.47947165253181934 0.031704641066226814 0.017262743102595124
0 0.39332382185326165 0.4924253539113003 0.0347841769596041 0.015864017412854637