0 0.8459945319213744 0.5092689992235411 0.041826554595791876 0.021116136803468067
0 0.8496399660668157 0.5297180071160489 0.042026813695090225 0.024241136803468066
0 0.8477665854374322 0.5490672465927052 0.042227072794388934 0.027366136803468066
0 0.7977177182262839 0.48466384137338564 0.04505168414544123 0.02286064732681172
0 0.7904757171465497 0.5052570624341904 0.04192668414544123 0.022678636803468065
0 0.7955334569675169 0.5234533255883701 0.0451518136950904 0.0244231473268119
0 0.8053287615633087 0.5427038545275653 0.04192668414544123 0.022678636803468065
0 0.8018428161591006 0.5611808387425498 0.04202681369509058 0.024241136803468066
0 0.7711237422849774 0.5554999861399488 0.031089313695090583 0.02360409997176518
0 0.7736281785898869 0.5338524992941283 0.026201554595791876 0.020206084186749608
0 0.7467257171465498 0.5027089151073787 0.03577681369509058 0.023877115756780753
0 0.7208746159745305 0.48797158092062914 0.032651813695090584 0.02369510523343692
0 0.6279058659745305 0.48255676785115414 0.02912629549649317 0.017263094710093442
0 0.5475267535437442 0.5035602416133821 0.02912629549649317 0.01726309471009326
0 0.5678089751661142 0.5164165573842802 0.02912629549649317 0.01726309471009326
0 0.6521746807493551 0.4847485994070678 0.025801036397194464 0.013956084186749606
0 0.6406259114710237 0.498864307313693 0.02952681369509058 0.023513094710093264
0 0.6736887353451471 0.5046816678088017 0.048176684145441226 0.023042657850155378
0 0.711038541020673 0.5045220440889262 0.03567668414544123 0.022314615756780752
0 0.721804862735328 0.5510708203972854 0.03870155459579187 0.020934126280124234
0 0.7209840399409388 0.5261163230281214 0.04983931369509058 0.024696163111827298
0 0.7464649012919908 0.5229304098457069 0.03577681369509058 0.023877115756780753
0 0.6712343638150622 0.5271104046546222 0.03880168414544123 0.02249662628012423
0 0.6656049275101527 0.5485758809770989 0.040464313695090584 0.02415013154179633
0 0.6917669093115555 0.5438729704255203 0.01702681369509058 0.02278505261671846
0 0.625560918410854 0.5431302468044666 0.03860142504614252 0.019371626280124232
0 0.6189907433647115 0.5256242283886152 0.03733931369509058 0.02396812101845249
0 0.6335341047157635 0.5218012783744979 0.039102072794389285 0.02718412628012441