0 0.6230409801911554 0.44410174513319606 0.02069450197716627 0.010795388367602498
0 0.6682089001530993 0.42536281678883653 0.05251750494291585 0.02704310124083733
0 0.6725634777196975 0.45232415453602054 0.04802100593149916 0.03140281930985189
0 0.7271819935370283 0.3737185532951833 0.03845500494291585 0.02605975544788164
0 0.9564702455141946 0.34833686899873906 0.054780341901054186 0.04433986188449897
0 0.9613832385941123 0.38071232642409214 0.04208934091247087 0.038778276735205175
0 0.9170748230807927 0.3783575047684516 0.04502333992388756 0.03430929802252862
0 0.9356537267311144 0.4386012360790181 0.06715300790866544 0.042088947033792935
0 0.9229799717881985 0.46285819090648117 0.06839717292769336 0.03438570767745475
0 0.9357638146778358 0.416780866400849 0.07327567391627668 0.03940098960843983
0 0.7794302430427367 0.37240207173251516 0.04177100593149916 0.030965776735205175
0 0.7620026625103891 0.3603773191346251 0.047893671939110226 0.02827781930985207
0 0.8255757311797385 0.42526499177900134 0.04476867193911005 0.02805929802252862
0 0.7979627257425312 0.45290367272125087 0.04802100593149916 0.03140281930985207
0 0.8167936387843928 0.4687254146754792 0.04645850593149916 0.031293558666190255
0 0.7705725547920041 0.47507360366350043 0.05270850593149916 0.03173060124083733
0 0.7504019762368228 0.4538923723529337 0.04802100593149898 0.03140281930985207
0 0.7779513146778358 0.4278161914106843 0.05283583992388792 0.03485560124083733
0 0.8115278186321685 0.4067717178937878 0.04945617193911041 0.028387079953513705
0 0.8379775720922098 0.3885626672733692 0.02289367193911005 0.02652964901126431
0 0.8112386585560565 0.37563097853744953 0.035648339923887565 0.03365373416055819
0 0.7280786486702245 0.42818753200785975 0.04802100593149916 0.03140281930985207
0 0.7097133092406284 0.4582956490881389 0.026018671939110227 0.02674817029858776
0 0.7620053211036264 0.39854930849096337 0.06052100593149916 0.03227690445914595