0 0.5015625 0.5 0.015625 0.02421875
0 0.49609375 0.5140625 0.01484375 0.0265625
0 0.5234375 0.2578125 0.02265625 0.03359375
0 0.51015625 0.25 0.01796875 0.03125
0 0.4984375 0.24765625 0.0171875 0.03203125
0 0.4921875 0.29765625 0.015625 0.03125
0 0.48359375 0.29453125 0.01640625 0.02734375
0 0.5109375 0.2921875 0.015625 0.0375
0 0.52734375 0.2984375 0.0203125 0.034375
0 0.53203125 0.325 0.0171875 0.025
0 0.54453125 0.31796875 0.015625 0.0328125
0 0.50546875 0.33515625 0.01640625 0.028125
0 0.49140625 0.3421875 0.01640625 0.03046875
0 0.49609375 0.36328125 0.01328125 0.028125
0 0.53828125 0.284375 0.00703125 0.0234375
0 0.51640625 0.33984375 0.01015625 0.02734375
0 0.50703125 0.36328125 0.015625 0.03125
0 0.51796875 0.371875 0.01640625 0.034375
0 0.53046875 0.36875 0.01875 0.034375
0 0.53203125 0.34375 0.01796875 0.0140625
0 0.5015625 0.4203125 0.01796875 0.0328125
0 0.51484375 0.4046875 0.0171875 0.03046875
0 0.49375 0.40390625 0.01796875 0.0234375
0 0.48515625 0.40625 0.01484375 0.0328125
0 0.47890625 0.43984375 0.00859375 0.025
0 0.48984375 0.43359375 0.01640625 0.02109375
0 0.4953125 0.4578125 0.0171875 0.0328125
0 0.5140625 0.45390625 0.0171875 0.02890625
0 0.525 0.434375 0.01953125 0.0296875
0 0.5421875 0.41328125 0.01640625 0.03125
0 0.52890625 0.40703125 0.0140625 0.03359375