0 0.7497543971052916 0.48136226273034666 0.025545637023308566 0.016206881458888843
0 0.716860084668905 0.2385760038966313 0.0761458377489479 0.03455814437666671
0 0.7175694127992063 0.21826350389663132 0.0758730192372937 0.02674564437666671
0 0.7082043364830036 0.19584364323930498 0.07620040145127885 0.03612064437666671
0 0.27320182078908894 0.46981631183600675 0.07016865626060227 0.04222517401194459
0 0.297246955998299 0.49657818037711776 0.06984127404661714 0.03285017401194459
0 0.3102752348542396 0.45880542344326364 0.054107146641955414 0.029361498100139015
0 0.10107136044480272 0.5034860630702778 0.05723214664195542 0.02943423328249999
0 0.12059268676100529 0.5256695343849305 0.05098214664195542 0.029288762917777867
0 0.16711302269585473 0.5347347566495138 0.06553571996293313 0.04367857123840295
0 0.1953099445655536 0.5543744562126734 0.051145837748947987 0.03397626291777769
0 0.24611847641671902 0.5524112594993054 0.048075401451278844 0.03546602773541672
0 0.15815717414713357 0.5005961459921874 0.060684528855940556 0.03888196846486132
0 0.17347463930074322 0.4643313376715623 0.06057540145127884 0.035756968464861136
0 0.2344394211519087 0.4621317516155206 0.05276290145127884 0.03557513050895835
0 0.2379538015517953 0.49561639884197894 0.057450401451278846 0.03568423328249999
0 0.2463739367610053 0.5227419432948957 0.04451389183263199 0.022893292553055566
0 0.20060756897499044 0.514439787234722 0.04818452885594056 0.038591027735416714