0 0.5231041263517364 0.758446330766416 0.016352425705962757 0.02527273538950343
0 0.7656493275262355 0.712785408690163 0.034994777117888634 0.07557274431795716
0 0.7859618275262354 0.7124308526838086 0.02718227711788863 0.07543637662320535
0 0.808322560833188 0.7018791363690287 0.03655727711788863 0.07560001785690744
0 0.5318710917785074 0.2807071144516361 0.042625420691398117 0.06945911201270878
0 0.5052547674844703 0.3061844013832671 0.03325042069139794 0.06929547077900686
0 0.5430957482841403 0.3172485864484589 0.029670779625171128 0.05361592370110611
0 0.4972052721033238 0.11013156169169255 0.029761707838416383 0.0567409237011061
0 0.4751400554894186 0.1308395280064725 0.029579851411925873 0.050490923701106104
0 0.46634772868809904 0.1778918060096497 0.044051528371529966 0.06479888555165916
0 0.4468763146606186 0.2071526120160041 0.03426735141192587 0.05057274431795715
0 0.4491351481258558 0.25792022524652897 0.03573892319868044 0.04747501785690744
0 0.5004272119950516 0.16713553815274224 0.03922763605166182 0.060029564934808155
0 0.5367738889546558 0.1805707467568844 0.03610263605166182 0.05997501785690744
0 0.5393282391129404 0.24149460998740926 0.03587531551854859 0.05216251785690744
0 0.5058708814328083 0.24676849107484156 0.03601170783841638 0.056850017856907444
0 0.47879991607254446 0.25662077800647254 0.023147994985435006 0.04413182954530477
0 0.48683372492717536 0.21036338677277042 0.03886392319868044 0.0475295649348082