0 0.25221368779362213 0.5074727425367682 0.028570668973360736 0.012411468792335612
0 0.33370240421897523 0.7471770516727367 0.07939833992388783 0.035344357756487456
0 0.3448136591618911 0.7711468181810801 0.08902800790866543 0.042085680687265994
0 0.3427709980971957 0.7975455438708207 0.08277800790866544 0.041758132066747146
0 0.4106906685534312 0.8190354415414 0.1274193458553869 0.06592597241038015
0 0.4414750949411658 0.8666441039113003 0.13392401384016442 0.07250352103089916
0 0.41615410136695646 0.8957207722740946 0.1112850098858317 0.05260710085908258
0 0.9044301038012333 0.5385356298034395 0.06090300790866543 0.040611711894930735
0 0.8899710143716371 0.5089333389848367 0.055960839923887916 0.034116050429541286
0 0.8653875084401381 0.4795800316578903 0.04633117193911005 0.02737472749876275
0 0.8362411779077903 0.4913054257104251 0.05765067391627667 0.03732293758467122
0 0.8012295079458465 0.4738789082975705 0.06208350593149916 0.03131859905006031
0 0.7465101744477491 0.4702316078680292 0.054525673916276676 0.03715916327441153
0 0.8010040148659285 0.5066095211424407 0.04189833992388792 0.033379066033373664
0 0.8462356018240669 0.5261308050636387 0.060966674904859984 0.042174211894930556
0 0.8421993592384407 0.5610004500206845 0.06390067391627667 0.03765048620519007
0 0.8057206897707884 0.5458357954527002 0.023275673916276673 0.03552142017181659
0 0.7836056092384407 0.5579296817033189 0.05752333992388792 0.034197937584671045
0 0.7528994372993305 0.5313738257558537 0.038518671939110405 0.026965291723114147
0 0.7656249303792484 0.4992983101520213 0.038837006920082115 0.03477779172311415
0 0.7831453528126502 0.5275018752808839 0.03533000494291585 0.025239017412854635