0 0.5380061336223306 0.4695210441122173 0.026183991701630306 0.017227072794389287
0 0.5235292365267601 0.46495346005906113 0.027746491701630304 0.01732720234403846
0 0.7818512220046131 0.47587596391657244 0.036032588382282425 0.024077850092285046
0 0.7886573290582273 0.4620940661683258 0.03267079004195637 0.02075259099298634
0 0.7901130852820046 0.4502251218438518 0.03255239087179333 0.019190090992986342
0 0.7396394886013525 0.4471792674326302 0.032433991701630305 0.01762759099298634
0 0.7421132931654559 0.43838525833333153 0.029308991701630305 0.017427331893687815
0 0.7465290286433088 0.4655788140088575 0.0386839917016303 0.018028109191583753
0 0.7415222199300207 0.4823855822074548 0.0359141892121194 0.022515350092285048
0 0.7153149174405097 0.48877528455149327 0.026302390871793334 0.018789572794389107
0 0.7232933608018138 0.5008247015780712 0.033996491701630306 0.017727720542635696
0 0.7031458815477383 0.4628636266242139 0.029308991701630305 0.017427331893687815
0 0.695049039016271 0.4492517095976359 0.032433991701630305 0.01762759099298634
0 0.6743104865267601 0.4552909585179016 0.029072193361304243 0.014302331893687636
0 0.7564135141211618 0.4924219162606109 0.02391109668065212 0.007751943244739934
0 0.6992871757388794 0.47410151527316186 0.028835395020978184 0.011177331893687813
0 0.6751392807179013 0.4662284585179016 0.032433991701630305 0.01762759099298634
0 0.6673743249090425 0.4777166710409729 0.03555899170163031 0.017827850092285047
0 0.6714465182703467 0.4900164119416742 0.03579579004195636 0.020952850092285046
0 0.6965649174405097 0.48997683914728507 0.015483290041956366 0.019651165946843817
0 0.6176936336223307 0.4644144370801019 0.03423329004195637 0.020852720542635695
0 0.6343250265687164 0.4766943915836087 0.03255239087179333 0.019190090992986342
0 0.6335078877715155 0.4555505768087841 0.024858290041956367 0.020251943244739935
0 0.630512942335619 0.4471070211332579 0.033996491701630306 0.017727720542635696
0 0.5964455956549669 0.44300980645071836 0.02571039502097818 0.01097707279438911
0 0.603524389846108 0.453546788252121 0.023058991701630303 0.01702681369509058
0 0.5797200369416785 0.46056754627168556 0.034114890871793334 0.019290220542635694
0 0.5850470769836349 0.4790672223975623 0.029427390871793337 0.018989831893687813
0 0.6054071211747761 0.48875310302694575 0.031108290041956366 0.02065246144333699
0 0.6278032620465692 0.50458885410668 0.032433991701630305 0.01762759099298634
0 0.6330468691001837 0.4909070859080826 0.03544059253146727 0.016265350092285046