0 0.4028704699457707 0.06487688602347598 0.03793633723582168 0.07696529172311403
0 0.4341977379979475 0.05323337912607101 0.040952252926866176 0.05837906603337355
0 0.43701821096878024 0.10574090343633051 0.03469316256778665 0.056489017412854545
0 0.5120727531232581 0.10029648688255861 0.03163179508134384 0.06726274310259503
0 0.4761988856368153 0.08747558231457432 0.04258747579950324 0.0709609531885033
0 0.40986938280814494 0.20513007179912474 0.022029536104353476 0.027708920171816587
0 0.43883926532170225 0.19570748416902517 0.02831589754067192 0.034286468792335524
0 0.46771369906492366 0.20269114653892556 0.029978391490547908 0.05155585594746528
0 0.5138119942444634 0.20432556761525325 0.022174981849627427 0.0527089201718165
0 0.4920006267580207 0.19224164744343672 0.02209316861791084 0.03864642017181654
0 0.4918097292173488 0.22505414744343671 0.03156816256778665 0.056325243102595034
0 0.5150790575743758 0.255188704770383 0.03152271077238851 0.048512743102595034
0 0.508633614854164 0.28845490614986397 0.034647710772388506 0.048676517412854545
0 0.49988532874981056 0.3145670267966504 0.02512726502711473 0.02318519448207601
0 0.48604099736772144 0.2763300424004826 0.029978391490547908 0.05155585594746528
0 0.4726324823406067 0.29750900158187965 0.020567030054229284 0.04481453301668683
0 0.40883360275391567 0.24883912822155985 0.028370439695149584 0.04366146879233561
0 0.40013985880403985 0.26557624886834624 0.03461134933607006 0.042426517412854546
0 0.41249895823830574 0.2904500961093842 0.026835210772388506 0.048267081637205764
0 0.4558717083365016 0.35758668645301733 0.02529089149054773 0.0513101944820761
0 0.48402397941374053 0.35437315524535284 0.02840680113146803 0.049911468792335524
0 0.47356320238457333 0.40618463873700944 0.00947499394987581 0.017678822930778538
0 0.4328705455723233 0.28135837912607103 0.026853391490547728 0.051392081637205766
0 0.4547637262904825 0.2793797992978876 0.02218407220870695 0.05427142017181659
0 0.4339245063447118 0.2345243227036359 0.025236349336070062 0.04193519448207601
0 0.4627853045493137 0.2438517350735363 0.023719301131468206 0.049665807326946254