0 0.51875 0.46328125 0.01796875 0.03203125
0 0.53203125 0.44453125 0.01640625 0.025
0 0.4953125 0.38203125 0.01796875 0.03125
0 0.5046875 0.15078125 0.01875 0.04140625
0 0.528125 0.14609375 0.01953125 0.0421875
0 0.55078125 0.153125 0.02265625 0.040625
0 0.49296875 0.15234375 0.015625 0.028125
0 0.4828125 0.2 0.01953125 0.0359375
0 0.49375 0.2828125 0.0203125 0.03671875
0 0.509375 0.25546875 0.01796875 0.0375
0 0.50234375 0.19375 0.01796875 0.0453125
0 0.509375 0.21015625 0.02109375 0.0359375
0 0.53046875 0.20625 0.0234375 0.0390625
0 0.546875 0.19453125 0.01796875 0.0375
0 0.5640625 0.196875 0.021875 0.04140625
0 0.55703125 0.2296875 0.02578125 0.0375
0 0.559375 0.2828125 0.01875 0.0375
0 0.53046875 0.25546875 0.02421875 0.0375
0 0.51875 0.33828125 0.02109375 0.04375
0 0.5125 0.365625 0.01796875 0.0359375
0 0.49453125 0.35546875 0.02109375 0.03203125
0 0.540625 0.38984375 0.02265625 0.03828125
0 0.55625 0.38515625 0.0203125 0.03515625
0 0.56484375 0.340625 0.0171875 0.040625
0 0.540625 0.33203125 0.021875 0.0359375
0 0.5359375 0.36875 0.0203125 0.0328125
0 0.509375 0.28984375 0.021875 0.03828125
0 0.51015625 0.32421875 0.01640625 0.0265625
0 0.53515625 0.315625 0.01953125 0.03125
0 0.521875 0.18125 0.01875 0.025