0 0.46171875 0.18359375 0.01953125 0.04140625
0 0.48203125 0.18125 0.021875 0.03984375
0 0.5015625 0.184375 0.02421875 0.03984375
0 0.43984375 0.23046875 0.0203125 0.04453125
0 0.4609375 0.2390625 0.0203125 0.04140625
0 0.47890625 0.23515625 0.02109375 0.04375
0 0.49765625 0.2265625 0.0203125 0.040625
0 0.51640625 0.23125 0.02109375 0.03984375
0 0.5125 0.26171875 0.021875 0.0296875
0 0.490625 0.2578125 0.01796875 0.02578125
0 0.4609375 0.2828125 0.02265625 0.03515625
0 0.44765625 0.3078125 0.02265625 0.03125
0 0.44765625 0.40078125 0.015625 0.02734375
0 0.4734375 0.4828125 0.015625 0.028125
0 0.48515625 0.46328125 0.015625 0.02734375
0 0.4484375 0.3765625 0.01328125 0.02421875
0 0.46328125 0.3890625 0.02109375 0.02734375
0 0.4671875 0.35625 0.0203125 0.046875
0 0.46484375 0.31875 0.0203125 0.034375
0 0.5109375 0.3109375 0.01875 0.03671875
0 0.4859375 0.31015625 0.021875 0.0484375
0 0.48125 0.284375 0.02109375 0.034375
0 0.48984375 0.36015625 0.0203125 0.03828125
0 0.51171875 0.3671875 0.02109375 0.0390625
0 0.50546875 0.340625 0.02109375 0.01484375
0 0.50859375 0.40703125 0.0171875 0.0375
0 0.49140625 0.4125 0.021875 0.0359375
0 0.48671875 0.39765625 0.025 0.03671875