0 0.4043979949854351 0.024936871810952152 0.03968227711788863 0.049873743621904304
0 0.43526155007914225 0.012397062113424067 0.04226170783841656 0.024794124226848135
0 0.4399095976510021 0.047099687862330104 0.03596624373179384 0.05749350666795977
0 0.5146368130112661 0.03284522453610888 0.03315949247815268 0.06569044907221776
0 0.47838106426490723 0.029847705824766473 0.044187920691397944 0.059695411649532945
0 0.41627953252816496 0.15004921574211721 0.022647889812585476 0.028348140606883464
0 0.4448675337818063 0.13675211922587832 0.029079746239076342 0.035108323637421626
0 0.4739329081549856 0.13986127270963938 0.031142351411925874 0.052423369395056166
0 0.5200039261016742 0.1353174228594206 0.02337531551854859 0.05334814060688351
0 0.49781067735531553 0.1261655634663041 0.022966138558944315 0.039285640606883464
0 0.49876542359439185 0.1589780634663041 0.03284124373179385 0.0572384151526907
0 0.5230440095669114 0.1859711271017861 0.032613923198680436 0.0494259151526907
0 0.5177714878592992 0.2200750601323242 0.03573892319868044 0.049681006667959784
0 0.5099506276718847 0.24733906179931414 0.025636497492717503 0.023915732122152634
0 0.49479698911294034 0.210986973618025 0.031142351411925874 0.052423369395056166
0 0.48215223660565787 0.23394611255791853 0.021585494985435005 0.045408094849248924
0 0.41677127751360016 0.19386298862093448 0.02935253087881229 0.04448332363742162
0 0.4086776326864496 0.2117519902879244 0.03555706677218975 0.04343100666795978
0 0.42188232633910117 0.2349503742268481 0.02792642319868044 0.04904327787978709
0 0.4675190867639424 0.29622284301308116 0.026454851411925873 0.052040732122152544
0 0.49550769444407444 0.2892395193756595 0.029534387305303157 0.05073332363742171
0 0.4868744920159342 0.342412316800284 0.00987510517284953 0.017952774545807237
0 0.4418993096460538 0.22313602937759916 0.02801735141192587 0.05216827787978708
0 0.46368338143280835 0.21822538877071568 0.02342077962517113 0.054910640606883464
0 0.44131663644737334 0.1761972564987819 0.026182066772189573 0.04266573212215259
0 0.47045020698048673 0.18165015998254302 0.024846887305303156 0.050350686364518046