0 0.403125 0.04375 0.03828125 0.07421875
0 0.434375 0.03046875 0.04140625 0.05546875
0 0.4375 0.0828125 0.03515625 0.0546875
0 0.5125 0.0734375 0.03203125 0.06640625
0 0.4765625 0.0625 0.0421875 0.06953125
0 0.4109375 0.18359375 0.021875 0.0265625
0 0.43984375 0.17265625 0.02890625 0.0328125
0 0.46875 0.178125 0.0296875 0.05078125
0 0.51484375 0.17734375 0.02265625 0.0515625
0 0.49296875 0.16640625 0.02109375 0.03828125
0 0.49296875 0.19921875 0.03125 0.0546875
0 0.51640625 0.228125 0.03125 0.04609375
0 0.51015625 0.26171875 0.034375 0.04765625
0 0.5015625 0.28828125 0.025 0.02109375
0 0.4875 0.25078125 0.0296875 0.05
0 0.47421875 0.27265625 0.0203125 0.04453125
0 0.41015625 0.22734375 0.02890625 0.0421875
0 0.4015625 0.24453125 0.034375 0.040625
0 0.4140625 0.26875 0.0265625 0.04609375
0 0.4578125 0.33359375 0.025 0.05
0 0.4859375 0.32890625 0.02890625 0.0484375
0 0.47578125 0.38125 0.009375 0.0171875
0 0.434375 0.25859375 0.0265625 0.05078125
0 0.45625 0.25546875 0.021875 0.053125
0 0.43515625 0.21171875 0.02421875 0.04140625
0 0.4640625 0.21953125 0.0234375 0.0484375