0 0.49073100077645887 0.7976090545470201 0.021116136803468067 0.04127976442797028
0 0.4702819928839511 0.8006621326773213 0.024241136803468066 0.04138889183263217
0 0.4509327534072948 0.798219178956457 0.027366136803468066 0.0414980192372937
0 0.5153361586266143 0.7499701627143882 0.02286064732681172 0.04445932813030105
0 0.49474293756580956 0.7421130226958548 0.022678636803468065 0.041334328130301044
0 0.4765466744116299 0.7466467552726596 0.0244231473268119 0.04451389183263199
0 0.45729614547243475 0.7558952697006298 0.022678636803468065 0.041334328130301044
0 0.43881916125745024 0.7518625341286002 0.024241136803468066 0.04138889183263199
0 0.4445000138600513 0.721257374872773 0.02360409997176518 0.030451391832631992
0 0.46614750070587174 0.7243997330401409 0.020206084186749608 0.025654764427970277
0 0.49729108489262136 0.6983630226958548 0.023877115756780753 0.03513889183263199
0 0.5120284190793709 0.6728992312260424 0.02369510523343692 0.032013891832631994
0 0.5174432321488458 0.5799304812260424 0.017263094710093442 0.028670637023308566
0 0.4964397583866179 0.49879953231450164 0.01726309471009326 0.02867063702330839
0 0.48358344261571984 0.518740010081983 0.01726309471009326 0.028670637023308566
0 0.5152514005929322 0.6041765130772079 0.013956084186749606 0.025436509618646852
0 0.501135692686307 0.592194868249351 0.023513094710093264 0.02888889183263199
0 0.49531833219119825 0.6251437775051782 0.023042657850155378 0.04758432813030104
0 0.49547795591107385 0.6625619319516819 0.022314615756780752 0.035084328130301046
0 0.4489291796027146 0.6719840611704421 0.020934126280124234 0.03815476442797028
0 0.47388367697187866 0.6718922919331485 0.024696163111827298 0.049201391832631815
0 0.47706959015429307 0.6975098508261558 0.023877115756780753 0.035138891832631816
0 0.4728895953453778 0.6220287011889756 0.02249662628012423 0.03820932813030105
0 0.45142411902290114 0.6157613430216076 0.02415013154179633 0.039826391832631994
0 0.4561270295744797 0.6421055882122841 0.02278505261671846 0.01638889183263199
0 0.45686975319553336 0.5758084656169459 0.019371626280124232 0.03810020072563951
0 0.4743757716113848 0.5697395148913065 0.02396812101845249 0.03670139183263199
0 0.4781987216255022 0.5844195737843139 0.02718412628012441 0.03837301923729371