0 0.5775654309629814 0.6319484011618636 0.013592063140062293 0.019113712852981378
0 0.5877902994211852 0.5925221883088823 0.028094178896842868 0.053852425705962936
0 0.5721730046969744 0.5796728473217977 0.028003173635170953 0.05228992570596276
0 0.5506928468468191 0.5333434166012699 0.032872684158514784 0.05555131802583091
0 0.511274031075921 0.5149260372135256 0.02845819994353018 0.06010242570596276
0 0.5264517100433509 0.4933549140939874 0.030946163111827296 0.04925585391920819
0 0.543571320609047 0.4513803627612038 0.03121917889684287 0.053943353919208195
0 0.5753365310759209 0.5130620088419956 0.03121917889684287 0.053943353919208195
0 0.6056764784592025 0.496527726709542 0.03140118942018653 0.05706835391920819
0 0.5747226100715859 0.46221256268206157 0.03121917889684287 0.053943353919208195
0 0.5878750574548673 0.44617838572245744 0.02460515785015538 0.04751149749271768
0 0.5529162285297896 0.42371836401484514 0.017627115756780755 0.03482964106622681
0 0.5201338206090469 0.45206232436054405 0.03030912628012423 0.038318353919208195
0 0.5738279680064459 0.419979598575439 0.020206084186749608 0.025545569279472248
0 0.5004066075819242 0.31490330516021425 0.041595236775233246 0.07140363855894431
0 0.5338715549652058 0.2982780948145153 0.04030575256024882 0.0760456744523216
0 0.5693085260260105 0.2886386703621936 0.04793624203690498 0.07314799498543509
0 0.6031976786144941 0.33304188822973996 0.038379231513561506 0.06975021034569898
0 0.5676241996611816 0.3403375626820616 0.042627115756780756 0.03555706677218975
0 0.49823789185337847 0.2507953410535915 0.03728716837349921 0.05100021034569906
0 0.5309215892366599 0.2341928627612039 0.03921368942018653 0.0572956744523216
0 0.5668667945124491 0.21984320625557086 0.0410492052052021 0.06202863855894432
0 0.6012340892366599 0.23214697796318323 0.0410492052052021 0.06202863855894432
0 0.48753779735504665 0.007254250033253503 0.03913809471009326 0.014508500066507005
0 0.5227395499858826 0.007110671780436999 0.036013094710093264 0.014221343560873997
0 0.5592307868317029 0.0030949416075875063 0.040336573663405775 0.0061898832151750125
0 0.5938710973409291 0.019782336434738014 0.040685184158514784 0.03956467286947603
0 0.5588058526026011 0.01791595955427617 0.03526964206513998 0.03583191910855234
0 0.5268501973126943 0.04336327428140182 0.04179265785015538 0.04801160266556703
0 0.48677122888272545 0.05392034105359154 0.0462071420651398 0.04346049498543507
0 0.49354414462538865 0.10302543078703483 0.04481124203690499 0.0730570667721897
0 0.5289811156861935 0.09338600633471315 0.04186825256024882 0.07609113855894434
0 0.5558467235504664 0.12468983062875028 0.048300263083592476 0.0793979949854351
0 0.5605650446536237 0.07133751009563685 0.030127115756780752 0.03519335391920826
0 0.5960398130694751 0.07578331769662654 0.04426521046687384 0.06368206677218971
0 0.594400989335482 0.12826346001649458 0.04195925782192056 0.07765363855894436
0 0.489000128769786 0.1728067333734596 0.03810621572854593 0.06506271034569897
0 0.5255900761530675 0.1560905948145152 0.04186825256024882 0.07609113855894431
0 0.5600861734939967 0.1840420985754389 0.029581084186749606 0.02581835391920828