0 0.4953125 0.76796875 0.0109375 0.028125
0 0.73125 0.69609375 0.03046875 0.078125
0 0.7546875 0.6859375 0.03671875 0.0875
0 0.78125 0.6890625 0.03671875 0.08046875
0 0.79921875 0.621875 0.059375 0.125
0 0.8453125 0.59296875 0.06484375 0.13046875
0 0.87578125 0.61953125 0.04609375 0.10859375
0 0.4921875 0.115625 0.03671875 0.05859375
0 0.46328125 0.12890625 0.03203125 0.0546875
0 0.43515625 0.15234375 0.02421875 0.0453125
0 0.4484375 0.18203125 0.034375 0.05625
0 0.4328125 0.21640625 0.028125 0.0609375
0 0.43203125 0.27109375 0.03515625 0.053125
0 0.465625 0.21796875 0.03203125 0.040625
0 0.4828125 0.1734375 0.0390625 0.06015625
0 0.51796875 0.17890625 0.03515625 0.06328125
0 0.5046875 0.21484375 0.03515625 0.02265625
0 0.51796875 0.2375 0.03125 0.05546875
0 0.49296875 0.2671875 0.02578125 0.0375
0 0.46015625 0.253125 0.0328125 0.03828125
0 0.4875 0.23671875 0.0234375 0.034375