0 0.53984375 0.64765625 0.01328125 0.01875
0 0.55234375 0.60859375 0.02578125 0.053125
0 0.5375 0.5953125 0.02421875 0.0515625
0 0.51875 0.5484375 0.0296875 0.0546875
0 0.48046875 0.52890625 0.02578125 0.05859375
0 0.496875 0.5078125 0.02890625 0.0484375
0 0.51640625 0.46640625 0.028125 0.05234375
0 0.54453125 0.52890625 0.02734375 0.05390625
0 0.57578125 0.51328125 0.02734375 0.05625
0 0.546875 0.478125 0.02890625 0.053125
0 0.5609375 0.4625 0.02109375 0.04765625
0 0.52734375 0.4390625 0.01640625 0.03359375
0 0.49296875 0.46640625 0.028125 0.0375
0 0.5484375 0.4359375 0.01875 0.02578125
0 0.48125 0.32890625 0.0375 0.0703125
0 0.515625 0.31328125 0.0359375 0.07421875
0 0.5515625 0.3046875 0.04296875 0.07265625
0 0.5828125 0.35 0.03359375 0.06875
0 0.546875 0.35625 0.040625 0.034375
0 0.4828125 0.26484375 0.03515625 0.05078125
0 0.51640625 0.24921875 0.0359375 0.05703125
0 0.553125 0.2359375 0.03828125 0.0609375
0 0.58671875 0.24921875 0.0375 0.0609375
0 0.48671875 0.0140625 0.03671875 0.028125
0 0.521875 0.01484375 0.03515625 0.02890625
0 0.55859375 0.0109375 0.0390625 0.021875
0 0.5921875 0.02890625 0.03828125 0.0546875
0 0.55703125 0.03046875 0.0328125 0.0421875
0 0.5234375 0.05859375 0.0390625 0.04609375
0 0.4828125 0.06796875 0.04296875 0.0421875
0 0.48671875 0.1171875 0.04140625 0.071875
0 0.52265625 0.10859375 0.03671875 0.07578125
0 0.54765625 0.140625 0.04296875 0.078125
0 0.55546875 0.0875 0.02734375 0.034375
0 0.590625 0.09296875 0.040625 0.06328125
0 0.5859375 0.1453125 0.0375 0.0765625
0 0.478125 0.18671875 0.03359375 0.0640625
0 0.515625 0.17109375 0.03828125 0.075
0 0.5484375 0.2 0.02890625 0.025