0 0.5154945291552199 0.24671615643912598 0.012247442927905538 0.02844324874635884
0 0.2829046610820892 0.31172607633910115 0.03488873035529281 0.07903428213245363
0 0.25994019602827734 0.32120036473976094 0.04157537799792799 0.08859113855894432
0 0.23323214681406562 0.3173024749271754 0.041284279569504534 0.08234113855894432
0 0.2183927049196175 0.38396713770101454 0.06519696856846861 0.1267276360516619
0 0.17364528515107586 0.41153219655564544 0.07173806699689203 0.13315949247815267
0 0.14193936683027628 0.38408314647650316 0.051969222497410025 0.11073892319868044
0 0.5490029276219153 0.8991508346523712 0.04026543507002245 0.06046613855894449
0 0.5772905934615155 0.886710670624891 0.035359611248705035 0.05564224623907634
0 0.6043239743549276 0.8640915245440993 0.027110463606069855 0.046039925705962756
0 0.5896600068199163 0.8340175796378064 0.03699488585581072 0.05725021034569906
0 0.6036839654635875 0.8000972207040332 0.03096320967712849 0.061755853919208195
0 0.6019181042148825 0.7454324527573446 0.03684933664159917 0.05412521034569906
0 0.5707986908564816 0.7975799744649569 0.033142139784752264 0.04153428213245362
0 0.5556852671589986 0.8416111192921075 0.04182793507002262 0.06051160266556721
0 0.520274306034128 0.8351194268930971 0.03728598428423417 0.06350021034569905
0 0.5318817400706933 0.7995683717993899 0.03539384449948209 0.02287521034569906
0 0.5175452582676584 0.7765256768930971 0.0338698858558109 0.05715928213245362
0 0.5411625407326471 0.74756560259906 0.02674659057054054 0.038227425705962756
0 0.5746300121965998 0.7625828488381363 0.03455909057054072 0.03845474623907634
0 0.5480503955712114 0.7781934769722394 0.025038541356328815 0.03505696159934022