0 0.4765654160955991 0.29013393276116517 0.01780912628012423 0.03850129549649317
0 0.49899342391751966 0.212419942940198 0.05913134727034208 0.10652940468807692
0 0.47370499758092566 0.19224714528423648 0.04966534200867016 0.10436612739018099
0 0.3849063500423523 0.03306641656515273 0.06456229991529536 0.06613283313030546
0 0.35969424743975126 0.05166981493170818 0.06474431043863901 0.0959924228866742
0 0.3767305580195647 0.106618130786267 0.05162268415851479 0.05779151603912895
0 0.42346134485126763 0.09272680907161203 0.06372784200867017 0.10526729333702486
0 0.47509173428557167 0.04816647825765842 0.06777830517696729 0.09463018198597284
0 0.532888823733993 0.03495088795680998 0.06519933674699843 0.06990177591361996
0 0.5496444132530016 0.06440394509966633 0.04315773677523325 0.07281573874123301
0 0.5115983816829706 0.07618205429125005 0.0369231473268119 0.045952850092285044