0 0.5669324968750539 0.5312422675705213 0.03234206314006212 0.019477351823611145
0 0.5864560415992646 0.544959928664688 0.02591005261671846 0.016206881458888843
0 0.6468174179499762 0.5096958823119102 0.03234206314006229 0.019477351823611145
0 0.8786134495200073 0.5244532858066326 0.041717063140062294 0.019695557370694415
0 0.8846660284450849 0.5479998885801743 0.043279563140062295 0.01973192496187508
0 0.8789543547393268 0.5704924844198619 0.04189907366340577 0.022820557370694418
0 0.8763684100574685 0.5126981682154521 0.02903505261671846 0.016279616641249994
0 0.8281206258566012 0.5014327066844452 0.0370295631400623 0.019586454597152782
0 0.7459451626883042 0.5104427243518757 0.038683068401734036 0.021185322188333446
0 0.7741989653050227 0.5267041571975353 0.03859206314006229 0.019622822188333444
0 0.8355081916274993 0.5211094270491673 0.04640456314006229 0.019804660144236052
0 0.819511465305023 0.5277588173417715 0.03721157366340577 0.02271145459715278
0 0.8246462863375928 0.5489434863197229 0.04042757892507751 0.02434668977951393
0 0.8373205915851472 0.5656224932535772 0.03859206314006229 0.019622822188333444
0 0.8359778994635375 0.5827554418668063 0.04189907366340577 0.022820557370694418
0 0.8027558757860142 0.5749604724520145 0.038956084186749604 0.025872822188333443
0 0.7497673836785219 0.5760677243518757 0.03859206314006212 0.019622822188333444
0 0.7754275363375928 0.5477979071975353 0.038956084186749604 0.025872822188333443
0 0.6919324968750539 0.5341516748649658 0.04502407366340595 0.022893292553055566
0 0.6642247258283664 0.527265242019306 0.037029563140062116 0.019586454597152782
0 0.6733344153191402 0.5095328813619797 0.032524073663405775 0.022602351823611144
0 0.6416440705384598 0.5548265443560074 0.038774073663405774 0.022747822188333443
0 0.6472416231551783 0.5705606471295491 0.03555806840173403 0.021112587005972117
0 0.6922734020943734 0.580190873478195 0.0416260578783902 0.018133057370694417
0 0.6994565705384599 0.556172145229688 0.03721157366340577 0.02271145459715278
0 0.6624648047534443 0.550630006836945 0.03399556840173403 0.02107621941479181
0 0.7398239653050227 0.525904070191563 0.038774073663405774 0.022747822188333443
0 0.7054944679358587 0.5258852331855909 0.02747255261671846 0.01624324905006951
0 0.7155443021226083 0.5510852549370839 0.03234206314006212 0.019477351823611145
0 0.8491457573983976 0.5409316177786119 0.026092063140062294 0.019331881458888846