0 0.4890625 0.35703125 0.009375 0.0203125
0 0.4734375 0.3125 0.0234375 0.0515625
0 0.50078125 0.30703125 0.02890625 0.046875
0 0.42578125 0.25546875 0.0234375 0.03671875
0 0.41640625 0.0265625 0.03984375 0.053125
0 0.44921875 0.0203125 0.0359375 0.040625
0 0.44375 0.06484375 0.03046875 0.04375
0 0.50546875 0.04375 0.03671875 0.06640625
0 0.52890625 0.05546875 0.0296875 0.0671875
0 0.48359375 0.04453125 0.03359375 0.07109375
0 0.428125 0.203125 0.028125 0.03984375
0 0.41484375 0.22109375 0.025 0.04765625
0 0.484375 0.1546875 0.02421875 0.04296875
0 0.51015625 0.18125 0.02890625 0.04609375
0 0.52734375 0.16171875 0.02890625 0.0453125
0 0.53046875 0.2078125 0.02734375 0.0515625
0 0.5078125 0.22890625 0.02890625 0.046875
0 0.48359375 0.20234375 0.03125 0.0515625
0 0.46484375 0.16953125 0.025 0.0484375
0 0.4484375 0.14375 0.02578125 0.02109375
0 0.43359375 0.17109375 0.03203125 0.034375
0 0.48046875 0.25234375 0.02890625 0.046875
0 0.509375 0.26953125 0.02421875 0.02421875
0 0.453125 0.21953125 0.02734375 0.06015625