0 0.6144841030967113 0.545314976626434 0.020858531570031147 0.011152113477870351
0 0.6599254057134297 0.5335859561740728 0.05292757892507769 0.027948634213055358
0 0.6638015636341723 0.5614081598027301 0.04851309471009326 0.032226031102777594
0 0.7197323161944211 0.49091929401578566 0.038865078925077866 0.02671832488222208
0 0.9491845977644522 0.5015709959010166 0.055491136803468066 0.045272835249814666
0 0.9535234872693433 0.5349303000480538 0.04271812101845285 0.0394917269557407
0 0.9093107556851947 0.5255655705004149 0.04557010523343692 0.03507762902925933
0 0.9268097978491567 0.5891297844966649 0.06780912628012459 0.04324144354388881
0 0.9137259689240791 0.6115420267209704 0.06891659997176518 0.03556564458064813
0 0.9273026215125627 0.5671864339782852 0.07387711575678076 0.040663247690925886
0 0.7719395583019134 0.49784252874722074 0.04226309471009326 0.0316792269557407
0 0.7547443530261241 0.48298921682448925 0.048331084186749605 0.0291010311027776
0 0.8171008688817268 0.5583302608867576 0.04520608418674961 0.02882762902925915
0 0.7890367820641413 0.5817875932618503 0.04851309471009326 0.032226031102777594
0 0.807566974185751 0.600683856221341 0.04695059471009344 0.03208933006601846
0 0.7612912136624073 0.599776175636943 0.053200594710093266 0.032636134213055355
0 0.7415170399566491 0.5752744616406928 0.04851309471009326 0.032226031102777594
0 0.7694901215125627 0.5533796292656004 0.05338260523343692 0.03576113421305536
0 0.8033946846526249 0.5375003510375447 0.04989358418674961 0.02923773213953691
0 0.8301314899001794 0.5233496681440725 0.023331084186749607 0.026913814514629663
0 0.803652289886062 0.5061136500007855 0.03619510523343692 0.03425742280870363
0 0.7196721320359064 0.545880196089304 0.04851309471009326 0.032226031102777594
0 0.7008010346949772 0.5732827346849523 0.026456084186749607 0.02718721658814811
0 0.7540772241151638 0.5214071678612485 0.061013094710093266 0.033319639396851744