0 0.33647026943981934 0.45620689789772195 0.08350601282028158 0.05269563206674714
0 0.3789831011190198 0.4804765575540889 0.08997433664159918 0.057710680687265994
0 0.42564623945603 0.3821718543655856 0.10567211124870504 0.06009205223856355
0 0.44517964350880596 0.3476364020815934 0.078163541356329 0.03838747060135787
0 0.5603701499189467 0.31743988975712156 0.091100188998964 0.048417567842395835
0 0.5547493885464072 0.42138708333468644 0.1213698858558109 0.062473423789861114
0 0.4519454121200558 0.5202959741078608 0.06893409057054053 0.041021147670579336
0 0.5224933525667618 0.5282888585494571 0.07235018899896417 0.04743492198083885
0 0.5368062555860804 0.5891068498430299 0.067662688998964 0.04718926051544958
0 0.5638246739068801 0.5611932117833889 0.06439213978475226 0.04390048620519007
0 0.674834948513986 0.5538167237691765 0.10545378742738745 0.055404552238563554
0 0.6694240105484791 0.5026636595448253 0.09360875889134021 0.0688119549975255
0 0.6745245794073981 0.5772132801916117 0.09407963978475227 0.04545634215265544
0 0.672287837265281 0.6085042237691765 0.09520549214211727 0.03616322930778502
0 0.6573264249403373 0.46121314394099305 0.09200771753501122 0.034436954997525505
0 0.6841629067433723 0.43720575588135213 0.09593323821317572 0.05178822930778502
0 0.6425747202256076 0.4432820154922906 0.03517552067816432 0.018989017412854636
0 0.6392892084387833 0.39669362053524476 0.12500430810555194 0.07357469810012063
0 0.6713782704732767 0.3435752645877794 0.10247433664159918 0.05836577792830413
0 0.6879151071148758 0.2897132801916117 0.10374573821317572 0.05219766508343389
0 0.7223200322601009 0.3876661013133679 0.04593323821317572 0.049167840343632994
0 0.5842956474377473 0.3559325016974807 0.043351893713693815 0.02721095318850324
0 0.6176924983473702 0.30820100859488564 0.03946491439185813 0.04415279172311397