0 0.525 0.35859375 0.0484375 0.08203125
0 0.4984375 0.40234375 0.05234375 0.0875
0 0.59453125 0.44453125 0.0546875 0.103125
0 0.628125 0.4625 0.03515625 0.0765625
0 0.65234375 0.5765625 0.04453125 0.0890625
0 0.5484375 0.57578125 0.05703125 0.11875
0 0.4546875 0.47734375 0.03671875 0.0671875
0 0.44296875 0.5484375 0.04453125 0.0703125
0 0.38125 0.565625 0.04296875 0.06484375
0 0.4078125 0.59140625 0.040625 0.06328125
0 0.409375 0.70234375 0.04921875 0.103125
0 0.4609375 0.69453125 0.0640625 0.090625
0 0.3859375 0.703125 0.03984375 0.0921875
0 0.3546875 0.70234375 0.03046875 0.09375
0 0.503125 0.68046875 0.0296875 0.09140625
0 0.52578125 0.70625 0.04765625 0.09453125
0 0.521875 0.66484375 0.0171875 0.034375
0 0.56875 0.659375 0.0671875 0.12109375
0 0.6203125 0.6890625 0.05390625 0.09921875
0 0.6734375 0.703125 0.04765625 0.1015625
0 0.5734375 0.7421875 0.046875 0.04296875
0 0.6125 0.60234375 0.025 0.0421875
0 0.65859375 0.63359375 0.0421875 0.03671875