0 0.5247693834556592 0.6413745992600488 0.012936411094166721 0.018895450668363623
0 0.538178573235173 0.6021666485916853 0.026236498100139016 0.053415901336727245
0 0.5236439477602078 0.5890581212603669 0.026200130508958353 0.05185340133672707
0 0.5059849754956246 0.5424012972629123 0.030960365691319502 0.05503294533736351
0 0.4681583203853815 0.5233154899347758 0.026381968464861315 0.059665901336727244
0 0.4850555328663191 0.5020308359325486 0.02925239532659738 0.048764764003817976
0 0.5055505240326038 0.46039731926323046 0.029361498100139015 0.05345226400381797
0 0.5322208203853815 0.5225700552594125 0.029361498100139015 0.05345226400381797
0 0.5638344962971871 0.5065814285885036 0.02943423328249999 0.056577264003817976
0 0.5357465170987495 0.47176153325909437 0.029361498100139015 0.05345226400381797
0 0.5501726930105552 0.45597290125718537 0.022966027735416717 0.047129538669636165
0 0.5171244568782635 0.43292629992841236 0.016425087005972117 0.03455681333545453
0 0.4821130240326038 0.46067003926641215 0.028997822188333446 0.03782726400381797
0 0.5382909420606247 0.4295558519255488 0.019331881458888846 0.025218176002545434
0 0.47359462205649283 0.32330639926800303 0.039136541603124894 0.07074885200509069
0 0.5083332979682983 0.30728140993000325 0.03768314437666671 0.07541817067154524
0 0.5444708197197914 0.298269489258458 0.04542290919430556 0.0723840773392725
0 0.5746661595755553 0.34321836258754906 0.03597517401194459 0.06914998933799979
0 0.538583189210833 0.34988653325909436 0.04142508700597212 0.0348477146721816
0 0.4766481932948956 0.2592257179344576 0.03553876291777787 0.05039998933799979
0 0.5106056192067012 0.24320981926323051 0.037246733282499986 0.05666817067154524
0 0.547633493731736 0.22950130792491255 0.03891833605604163 0.06137385200509069
0 0.5809181192067012 0.2423916592536855 0.03891833605604163 0.06137385200509069
0 0.486391441679375 0.011339845301569642 0.03815461664124999 0.022679690603139284
0 0.5215295078837847 0.011516839632410666 0.03502961664125017 0.023033679264821333
0 0.5583391768617361 0.007801219963410775 0.03957164627652787 0.01560243992682155
0 0.5915146995631597 0.024788725294410882 0.038772865691319505 0.049577450588821764
0 0.5563220819719792 0.023987104591048934 0.03379442496187508 0.04256930800445434
0 0.5220737153307291 0.05250300326227599 0.040153527735416715 0.04732953333863612
0 0.48123050978364573 0.06235071793445755 0.04473192496187508 0.04269657733927246
0 0.4839911806614582 0.11152401460059395 0.04229790919430556 0.07234771467218155
0 0.5201287024129513 0.10251209392904873 0.03924564437666671 0.07543635200509069
0 0.5443831667937499 0.1342524425923216 0.04556837955902786 0.07863407733927245
0 0.5534321648938889 0.0810365359245944 0.028925087005972117 0.03470226400381802
0 0.5884611283247569 0.08609620591982188 0.042079703647222286 0.06297271467218155
0 0.5825553140202082 0.1384944999204582 0.0392820119678472 0.07699885200509068
0 0.47377907285392346 0.18115526193509388 0.035866071238402776 0.06446248933799978
0 0.511642748765729 0.16509390993000322 0.03924564437666671 0.07543635200509065
0 0.5437824483288887 0.19361835192554888 0.028706881458888844 0.025327264003818017