0 0.50078125 0.7671875 0.01484375 0.02421875
0 0.74453125 0.72578125 0.0328125 0.07578125
0 0.76484375 0.72578125 0.02421875 0.07578125
0 0.7875 0.715625 0.03515625 0.07421875
0 0.5234375 0.28984375 0.040625 0.06875
0 0.49609375 0.31484375 0.03125 0.06796875
0 0.53359375 0.3265625 0.028125 0.053125
0 0.49375 0.11875 0.02890625 0.05703125
0 0.47109375 0.1390625 0.02734375 0.05078125
0 0.4609375 0.1859375 0.0421875 0.0640625
0 0.440625 0.21484375 0.0328125 0.05
0 0.44140625 0.265625 0.03359375 0.04765625
0 0.4953125 0.17578125 0.03671875 0.06015625
0 0.53125 0.18984375 0.03359375 0.06015625
0 0.53203125 0.25078125 0.03359375 0.0515625
0 0.4984375 0.25546875 0.034375 0.05703125
0 0.47109375 0.26484375 0.021875 0.04375
0 0.48046875 0.21875 0.03671875 0.046875