0 0.5166536378240622 0.3280159820782587 0.05032861474138883 0.0840711631118273
0 0.4890728452710066 0.37331307152668014 0.05516158510611113 0.09059417889684288
0 0.5841846703091316 0.4099037479338614 0.057087761017916704 0.10631018415851479
0 0.6173601930105551 0.4259158848079167 0.036157011967847194 0.07856461575678075
0 0.6389241088543745 0.5385678032520029 0.045822952697291794 0.0916106473268119
0 0.5350360426499648 0.5438384031531809 0.059013936929722274 0.12202618942018653
0 0.4435772008943399 0.45086121885349195 0.03906380642076392 0.06937162628012442
0 0.43020372549562447 0.5226375083160308 0.0453865416031249 0.07286064732681172
0 0.3680849319926384 0.5434197161520687 0.04527743882958344 0.0681731473268119
0 0.39404736673815927 0.5676538767036474 0.042079703647222286 0.06486613680346806
0 0.3930277677643397 0.6785003714419755 0.052400261017916706 0.10603716837349922
0 0.44477210572024245 0.6676846978068045 0.06617182028847228 0.09435621572854594
0 0.3695720839687494 0.6806467003670533 0.04277068787965277 0.09455363680346807
0 0.3383402677643397 0.6816855556004903 0.03343205547083343 0.09557010523343692
0 0.48728691404086744 0.6511650557416646 0.031796820288472284 0.09235409997176518
0 0.5093430987863883 0.6756267294474227 0.04905705547083343 0.09648015785015537
0 0.506400589952673 0.6344479926016025 0.017987587005972118 0.035376057878390196
0 0.553402876521805 0.6262490847514469 0.07002417211208342 0.1257882262518894
0 0.6042743922893743 0.6529334111162759 0.05545252583555573 0.10309417889684287
0 0.6570720839687494 0.663901732219433 0.04923889342673622 0.10429265785015537
0 0.5561628941892355 0.7087885689664313 0.047893292553055564 0.04648015785015538
0 0.5984802935998953 0.5666696874246352 0.02598192496187508 0.04364358418674961
0 0.6438466917762842 0.5952350322053157 0.043060322188333444 0.039957142065139804