0 0.31123033226585195 0.617430211290593 0.07533634328594588 0.05868520401018138
0 0.362511552015231 0.530901817950366 0.09424087939029935 0.08546588001272663
0 0.5197655158126816 0.49079334392904866 0.08189541549465282 0.1118829293443632
0 0.6059984524827691 0.4390121205840492 0.0709488251355733 0.11019316000954511
0 0.5438438861277947 0.380364373925867 0.0724931444174139 0.10708634134309047
0 0.4616444644848217 0.41022514393700293 0.10684996369925485 0.10436133068109026
0 0.4293268681738137 0.45981661127468454 0.11464428298109546 0.10132723734881743
0 0.49888591013189976 0.31995413259868494 0.10662270472226432 0.06529883068109026
0 0.5842330576725716 0.2861507499204582 0.07559996369925485 0.10399770401018138
0 0.5617631600337039 0.2543831292568671 0.10370678298109545 0.10119996801399936
0 0.6088376270526084 0.35382859858373106 0.06445338544042371 0.0679329346753633
0 0.6698114884889268 0.3468695265754588 0.0662613251355733 0.11013861600890866
0 0.7398245275201465 0.2632479572326864 0.07554542154477702 0.09462270401018139
0 0.661808611829102 0.2454070239099587 0.08809996369925485 0.10414315467854492
0 0.6153017713718265 0.18267121391632204 0.10032725292686635 0.057413605346908494
0 0.7231597231672244 0.17360420190168635 0.11617951190385653 0.09665791868236288