0 0.6011577392459543 0.6670842676174843 0.05999477711788863 0.0766821719450391
0 0.5166978227111915 0.6188035434817317 0.08710284639736088 0.09620506175762475
0 0.4829857154267708 0.4628861640939874 0.1133016335443795 0.0844779515702104
0 0.4347049912910184 0.37842624755922455 0.11142088479802066 0.0734949874635877
0 0.3735114270261112 0.4426538836108865 0.10834134890464338 0.07496655925034226
0 0.4000308114284204 0.5238440476383668 0.10621655925034226 0.109250631037097
0 0.4483175472426554 0.5544431782797524 0.10331887978345566 0.11697220282385175
0 0.3112554679340534 0.489739483769171 0.06715405925034235 0.10811402837152997
0 0.2809207617449895 0.40553798000824726 0.10530727711788872 0.078000631037097
0 0.2482302821989606 0.42912624419401224 0.103000631037097 0.10603470282385156
0 0.3496169374509524 0.3785602913701607 0.06905152837152997 0.06601745658477523
0 0.34514003760923695 0.31780464779665135 0.1112844924781526 0.0688074874635877
0 0.26435069035394626 0.2506829954476535 0.09593227711788872 0.07772784639736088
0 0.24332748502281226 0.3293535647271256 0.10567098997087018 0.090500631037097
0 0.1786823118241318 0.37806986104534424 0.05915970282385161 0.10163670783841657
0 0.17400683518109678 0.2704846815784577 0.09867684389007839 0.1183983105039836