0 0.31484375 0.62109375 0.07578125 0.0578125
0 0.365625 0.53515625 0.09296875 0.08515625
0 0.52265625 0.496875 0.08125 0.1109375
0 0.60859375 0.44609375 0.0703125 0.109375
0 0.54609375 0.38671875 0.07109375 0.10546875
0 0.4640625 0.415625 0.10546875 0.10390625
0 0.43203125 0.46484375 0.1140625 0.1
0 0.50078125 0.32578125 0.10703125 0.0640625
0 0.5859375 0.29296875 0.07578125 0.10390625
0 0.56328125 0.2609375 0.10390625 0.09921875
0 0.6109375 0.3609375 0.0640625 0.0671875
0 0.671875 0.3546875 0.065625 0.10859375
0 0.74140625 0.271875 0.07421875 0.09296875
0 0.66328125 0.253125 0.0875 0.10234375
0 0.61640625 0.18984375 0.1 0.05703125
0 0.72421875 0.18203125 0.11640625 0.0953125