0 0.695042594708879 0.52578125 0.582842656738863 0.4703125
0 0.7673648968185749 0.63359375 0.4190583308506309 0.275
0 0.22967242163056847 0.734375 0.45934484326113695 0.528125
0 0.03746565095240403 0.7515625 0.07493130190480805 0.49375
0 0.5333386914846726 0.8609375 0.7628811054577367 0.2765625
0 0.5322622665443353 0.3640625 0.4268365975998538 0.3078125
0 0.4941714534763847 0.5109375 0.31019706120592366 0.353125
0 0.9174570579006641 0.3296875 0.14063792431665548 0.2015625
0 0.8512370525239806 0.25859375 0.2755608879227253 0.246875
0 0.5466779851128039 0.2390625 0.35917390860089 0.2640625
0 0.6138719472711316 0.13828125 0.3032834735308674 0.2046875
0 0.3031185378416722 0.10078125 0.23627144789030421 0.1078125
0 0.1078766583960021 0.42421875 0.2157533167920042 0.3171875
0 0.1271467351128038 0.2390625 0.18158825599585607 0.175
0 0.05606590942945942 0.17578125 0.11213181885891885 0.2015625