0 0.5061689644627185 0.29576742187853217 0.5095370710745628 0.574622196093427
0 0.6193898663239745 0.2215606952354972 0.30340776735205105 0.41425168276559193
0 0.681602109111382 0.7662173480467136 0.561121714385844 0.4675653039065729
0 0.6850773983318342 0.9581237032195631 0.5006334205506893 0.08375259356087383
0 0.8311093442803463 0.45161322274909727 0.32900760895763276 0.7580471468722145
0 0.33254080430358945 0.4613743868430847 0.3366573099266981 0.4214564290046681
0 0.4772305914303548 0.4968980128656167 0.3736660010084062 0.30402488809672584
0 0.3249892923225454 0.07678042649738571 0.21074039406758568 0.13711486975432588
0 0.24903344367959818 0.14424305964605372 0.2653400487788332 0.2712458288463836
0 0.208141737843729 0.44914350831327027 0.2883183628929052 0.3545584340192331
0 0.11217258204720074 0.3837110734361073 0.22434516409440147 0.2997057979675712
0 0.057185161244409886 0.695119934877163 0.11437032248881977 0.23438702335696499
0 0.36226796504379627 0.8898019490629279 0.33313955397461326 0.22039610187414418
0 0.17880525502055314 0.8686747583132701 0.1871279314464526 0.17852947994174037
0 0.10989708187197378 0.9432786385589443 0.20964778763096836 0.11344272288211137