0 0.71953125 0.52578125 0.5609375 0.4703125
0 0.796875 0.63359375 0.40625 0.27421875
0 0.2453125 0.734375 0.47109375 0.52890625
0 0.04921875 0.7515625 0.0984375 0.49296875
0 0.5734375 0.8609375 0.75 0.2765625
0 0.54921875 0.3640625 0.41328125 0.3078125
0 0.51796875 0.5109375 0.29296875 0.353125
0 0.9328125 0.3296875 0.13203125 0.2015625
0 0.86328125 0.25859375 0.2640625 0.24765625
0 0.5578125 0.2390625 0.34609375 0.2640625
0 0.6203125 0.13828125 0.29296875 0.2046875
0 0.3078125 0.10078125 0.23046875 0.1078125
0 0.1140625 0.42421875 0.228125 0.3171875
0 0.13828125 0.2390625 0.1734375 0.17578125
0 0.0578125 0.17578125 0.115625 0.2015625