0 0.296875 0.25703125 0.0671875 0.08203125
0 0.3234375 0.28359375 0.06953125 0.06015625
0 0.62265625 0.09765625 0.1734375 0.18046875
0 0.7296875 0.1046875 0.12265625 0.178125
0 0.7921875 0.15859375 0.115625 0.1421875
0 0.78125 0.24140625 0.1203125 0.125
0 0.71171875 0.28515625 0.10078125 0.09375
0 0.68984375 0.21875 0.09375 0.09140625
0 0.61328125 0.1875 0.12265625 0.0984375
0 0.5109375 0.0984375 0.13671875 0.15390625
0 0.51796875 0.18125 0.11328125 0.0765625
0 0.615625 0.26171875 0.12265625 0.09609375
0 0.53515625 0.22578125 0.0984375 0.08203125
0 0.44921875 0.22109375 0.13671875 0.134375