0 0.24388175294670084 0.6810268528303212 0.06533536569131951 0.05916718639013112
0 0.27098976681440917 0.6557319218880716 0.04182513050895835 0.054403276735204995
0 0.20427700513090233 0.5395002705310189 0.1178797906531945 0.10496028763096846
0 0.08718173052961764 0.4767103294493107 0.13201502583555563 0.10906863342392406
0 0.08182404293430523 0.3717878826676194 0.15901393692972232 0.12967606436617346
0 0.10232034052135394 0.26193763526550945 0.14317073138263897 0.11920845792955621
0 0.15295742657739567 0.19755842499016477 0.11802526101791674 0.11121028763096841
0 0.23698693446118035 0.20650210023243107 0.09938436379145843 0.11458665990702759
0 0.27995437804041645 0.27057567188807163 0.06747974715020835 0.08427644703379285
0 0.2076793345374303 0.2927891614965114 0.06126611474138901 0.08540190445914586
0 0.18869163877399275 0.37133477857679054 0.07278549620027785 0.11116672896477811
0 0.21964939162378433 0.44872780505989407 0.0734751740119445 0.07377598960843983
0 0.25960355081808995 0.37417591929018157 0.07405705547083344 0.09877598960843983