0 0.7643963083446481 0.24471924292780814 0.06852660151720862 0.05954186597668398
0 0.7397469947091662 0.27016952882057954 0.04483401000193972 0.05464087842423861
0 0.8191630409258426 0.385994515748325 0.12353283697334091 0.10563653859206372
0 0.9373955793269545 0.4480899288159351 0.12520884134609106 0.109827131123531
0 0.9385832363742164 0.55296668296512 0.12283352725156718 0.13058991701630235
0 0.9381286450884684 0.6629220234219948 0.12374270982306328 0.12003092531467204
0 0.9067894262418921 0.7275890972821302 0.12404302000387943 0.1118865385920639
0 0.8212027415443639 0.7191389024709334 0.10567565727678314 0.11515324855010753
0 0.771187023966079 0.6553257788205796 0.07212983363936125 0.08466026514684692
0 0.8416590206320992 0.6326919169930804 0.0660073793969957 0.0857491684661948
0 0.8525330056291895 0.5540457761212872 0.07898561151914833 0.11157796265733602
0 0.8132156719898284 0.4768446586947107 0.07748701333591974 0.07419636182749904
0 0.780801526841017 0.5516204383637048 0.07952774545807202 0.09919636182749905