0 0.2864017791260226 0.2449345207230656 0.07049818380210837 0.0839876808363588
0 0.31188194019071797 0.27041468178776096 0.0711693458553869 0.06217634783255317
0 0.6186770627378506 0.08322173515266186 0.1808228715585493 0.16644347030532372
0 0.7254218112549757 0.08325026281440022 0.1291330375661605 0.16650052562880044
0 0.7857252998862693 0.1263145829294435 0.12141869665368965 0.14689885771838496
0 0.7714134490879665 0.20957275190280425 0.12540585969555132 0.12990235870696817
0 0.7000995231945236 0.25615593323345465 0.1038200197716634 0.09782468775644108
0 0.6809303705327852 0.19064102118017617 0.09744268577927465 0.09444501977166349
0 0.6056412104566731 0.16251070399370132 0.12588602076024671 0.10340352570316251
0 0.5069264792397533 0.0784911200384936 0.14373936562705047 0.1569822400769872
0 0.5105833784414505 0.16014439076155923 0.11561968281352505 0.0811465237259962
0 0.6049607781374394 0.23663395349940974 0.12582235376405215 0.10184102570316256
0 0.5259563690499104 0.20397530380342088 0.10174818380210837 0.0852610207602467
0 0.44020987003849366 0.20278948859411247 0.14297536167271757 0.1399776956651065