0 0.30078125 0.26015625 0.0546875 0.0640625
0 0.32421875 0.28671875 0.0515625 0.04140625
0 0.4453125 0.2171875 0.096875 0.11484375
0 0.51640625 0.0984375 0.1 0.1296875
0 0.621875 0.090625 0.11875 0.15546875
0 0.73046875 0.10859375 0.109375 0.140625
0 0.79140625 0.1578125 0.10234375 0.115625
0 0.7765625 0.2421875 0.1078125 0.09765625
0 0.709375 0.28671875 0.0796875 0.065625
0 0.6921875 0.21484375 0.08125 0.06015625
0 0.61484375 0.19765625 0.10703125 0.0703125
0 0.53515625 0.23046875 0.06875 0.07265625
0 0.60703125 0.26875 0.09453125 0.07109375