0 0.7585273094746527 0.33581234226419704 0.08477114767057933 0.07144563206674714
0 0.7333568911118586 0.36098276062699125 0.0629780348257091 0.07186171189493056
0 0.9199030221047526 0.6699460820874317 0.16019395579049486 0.18293640999505117
0 0.9206283794089846 0.7766088398893478 0.15874324118203093 0.13277263568479186
0 0.8829230376507843 0.8362837330373715 0.1482471494796016 0.12307673111680728
0 0.7995373275648759 0.8210062138154945 0.1313053109449907 0.12686347241038015
0 0.752143349161602 0.7491821234718615 0.09899077792830421 0.1049132293077852
0 0.8174031789897855 0.730787327564876 0.09553822930778502 0.0984994549975255
0 0.8446407083884276 0.6558625706674709 0.10482469810012063 0.12703389077317445
0 0.9240870324508599 0.5581863885098668 0.15182593509828024 0.14552494120271575
0 0.8458955919255129 0.56087761928799 0.08245837516934244 0.11651247060135787
0 0.7705447891211221 0.6543166807988078 0.10326219810012063 0.12695200361804454
0 0.80226510063194 0.5757313353667921 0.08640889077317446 0.10269563206674714
0 0.8024488070998036 0.49003949683218134 0.1415810696514182 0.14454229534115867