0 0.6908436795333935 0.5168246230140039 0.1134213054894186 0.1454328683170294
0 0.6240724020197934 0.7406646704396377 0.11264841567683312 0.11887036831702939
0 0.7031508335982511 0.9276102045699176 0.11158602084968265 0.1359668630553575
0 0.8551057901830266 0.8691592096904153 0.12352373119538171 0.17097889988706072
0 0.9287167864221028 0.840578454358156 0.10301265439406179 0.2165798262236546
0 0.9034486988002305 0.9805862022214302 0.14009145407749274 0.03882759555713946
0 0.8645192087628534 0.6263269675829228 0.13189852084968265 0.1371499314570915
0 0.9081341311036037 0.4183548438630472 0.12821123119538172 0.17125191567207612
0 0.9602769557933524 0.29383225697487453 0.07080790815498546 0.18194722099021768
0 0.9387011356559505 0.14779942015728906 0.12259772868809904 0.19276289462538862
0 0.9629854524946471 0.5772817938065775 0.04893290815498545 0.18067314732681172
0 0.7520816740566103 0.16040729401833903 0.05868834138279588 0.1406851841585147