0 0.5652621230140039 0.7199407077719095 0.1454328683170294 0.1134213054894186
0 0.3344146704396377 0.6531694302583094 0.11887036831702939 0.11264841567683312
0 0.1572977045699176 0.732247861836767 0.13596686305535757 0.11158602084968265
0 0.23322170969041509 0.8842028184215422 0.17097889988706055 0.12352373119538171
0 0.2702659543581561 0.9531537437317938 0.21657982622365468 0.09369251253641231
0 0.09877038595642204 0.93125 0.0970709630271227 0.1375
0 0.4763269675829228 0.8936162370013694 0.1371499314570915 0.13189852084968265
0 0.6886673438630473 0.9365627718722145 0.17125191567207612 0.12687445625557103
0 0.8188322569748745 0.9769850149771877 0.18194722099021768 0.04602997004562468
0 0.9327402364222973 0.9532496497752085 0.13451952715540544 0.093500700449583
0 0.5366567938065775 0.9838080133278352 0.18067314732681172 0.03238397334432967
0 0.9275947940183389 0.7811787022951262 0.14068518415851444 0.058688341382796064