0 0.486973780416594 0.39113699631682913 0.39789925705962903 0.2773151609154338
0 0.8136138706122557 0.2950967847041023 0.37277225877548864 0.3496600544788164
0 0.5972938518076372 0.2436989036259667 0.24180236975432584 0.21806085719292198
0 0.4011258939692207 0.1738459534900807 0.16205738229073816 0.10333208565349698
0 0.24243285556856092 0.1861388678365837 0.08551160266556704 0.04496257475773371
0 0.1157028710079671 0.1983278753781523 0.08490384890464334 0.07766581411407195
0 0.07483148159109293 0.32099519703379287 0.12052310015828456 0.0692413089182919
0 0.027092663565261986 0.28802987772394084 0.03936402837152993 0.06668475544788163
0 0.169762233702664 0.1537691282281439 0.15639841567683305 0.12320754307885004
0 0.17923182508545993 0.29165154048096 0.12616534639736088 0.10238159084927707
0 0.36008100831327017 0.2637554054675521 0.26125105172849494 0.18979374556052458
0 0.272979476576528 0.3785120381351715 0.05820495658477522 0.07112088317182241
0 0.8314415312745238 0.566338000175227 0.3371169374509524 0.2634276235365668
0 0.08031695196592177 0.26836186993027067 0.106824313011266 0.0807579631253363