0 0.6172119176854257 0.48777192450858975 0.29612688602347603 0.4079251428552599
0 0.7190964857549641 0.8185314062479405 0.33988353007601085 0.3629371875041191
0 0.7666619617833889 0.6053293916341487 0.22691878335537102 0.24904897483619665
0 0.833106912597043 0.4117799890363608 0.09100121551297527 0.15769549756436801
0 0.8180219024202777 0.2519958859521057 0.049734406377006476 0.08516593262955982
0 0.8036019555633525 0.12428394317627611 0.08106629353213642 0.08727390340856664
0 0.6801544894845504 0.07755717329077375 0.07341092378986111 0.1199227621748646
0 0.7123395477160079 0.0304191205308302 0.06594590456798421 0.03705571509696394
0 0.8491324615562462 0.18059817288373664 0.11411116689245589 0.15185460064862308
0 0.7113458565132922 0.1836668514561067 0.10021908525525039 0.12507391233702042
0 0.742431002940676 0.36640721346881555 0.19171826775153883 0.26248418344033875
0 0.6260867079382016 0.2736685142001642 0.06857293758467105 0.0573954886359143
0 0.44837454997931536 0.8242029334403387 0.2890646585247133 0.3515941331193225
0 0.7329109972864666 0.08551572361508529 0.07251016508343397 0.10273526217486462