0 0.5244489915139889 0.3326124768165869 0.2824226563212706 0.2179434471009328
0 0.7268745547457055 0.3067647954300824 0.09569429508134383 0.07117632096198286
0 0.703350175453602 0.45730312172432425 0.08310339149054773 0.05482327886860805
0 0.646718380372258 0.5262043111445107 0.08780907220870696 0.05822129465362345
0 0.728036037184508 0.6440827849067388 0.08938066256778665 0.05987479991529554
0 0.867925238979906 0.6281253139871082 0.1269897468767418 0.08080892619541977
0 0.8169490671405415 0.5303472376222793 0.11293633723582168 0.08155237884037306
0 0.6904279946372468 0.3963579164485349 0.11438066256778665 0.06133088410204497
0 0.7866610825604395 0.7695308349632084 0.12067611436318479 0.06950740514873247
0 0.2139235402095701 0.6826172659967771 0.11131929508134401 0.07208637357870132
0 0.12560138359371184 0.6947903132812365 0.11299996974937895 0.09248987884037305
0 0.22269052791292995 0.5180997396884178 0.10508747579950324 0.074847352532014
0 0.12502064237431054 0.5261313185429083 0.08799996974937896 0.09103379465362345