0 0.36328125 0.4734375 0.2203125 0.29375
0 0.34921875 0.27109375 0.0671875 0.0984375
0 0.4984375 0.29375 0.053125 0.084375
0 0.5640625 0.35 0.053125 0.0875
0 0.68671875 0.26796875 0.0578125 0.0890625
0 0.67890625 0.128125 0.0734375 0.1265625
0 0.578125 0.1796875 0.071875 0.109375
0 0.43671875 0.30703125 0.0578125 0.1140625
0 0.815625 0.20859375 0.075 0.1265625
0 0.6953125 0.78203125 0.071875 0.1140625
0 0.70234375 0.8703125 0.0859375 0.1125
0 0.53125 0.77421875 0.06875 0.1046875
0 0.53359375 0.871875 0.0859375 0.0875