0 0.4972703645641051 0.6239086597191633 0.4143303913302129 0.2890774352013608
0 0.17446285323257965 0.7551983875714627 0.3489257064651593 0.3333532248570744
0 0.37609174844276316 0.7833878418404812 0.2540348784786316 0.22262900126594437
0 0.5683309865797651 0.8328446609002895 0.15962435079830276 0.08826887023308565
0 0.7286609915226809 0.8038416632625424 0.08622134288963731 0.04825893992586607
0 0.8568642459713052 0.7783009715225776 0.08905718281352507 0.07956350362819702
0 0.9065206891649538 0.6509646560061482 0.12148768083635915 0.07133434137714509
0 0.9529672662372602 0.678987963085057 0.038547846843970036 0.06531746515360978
0 0.799421819089279 0.828675482955323 0.1543293557412186 0.11148811542376222
0 0.7995557647543856 0.691366455913481 0.12725751977166358 0.09806053248413775
0 0.6158691728533313 0.7383481272350257 0.2666330375661605 0.187182574586922
0 0.7114283650583967 0.6140896824998361 0.058924013840164415 0.06758929328391083
0 0.17164821243383938 0.48515870608311695 0.34329642486767875 0.282807587833766
0 0.8973247612943445 0.704335192666637 0.1043001808363588 0.07073414065150559