0 0.36328125 0.4734375 0.1921875 0.275
0 0.34921875 0.27109375 0.0625 0.0953125
0 0.4984375 0.29375 0.0484375 0.0828125
0 0.5640625 0.35 0.0484375 0.0859375
0 0.68671875 0.26796875 0.046875 0.0859375
0 0.67890625 0.128125 0.0703125 0.125
0 0.578125 0.1796875 0.065625 0.1078125
0 0.43671875 0.30703125 0.05 0.1109375
0 0.815625 0.20859375 0.0609375 0.1203125
0 0.6953125 0.78203125 0.059375 0.1078125
0 0.70234375 0.8703125 0.075 0.10625
0 0.53125 0.77421875 0.0625 0.1015625
0 0.53359375 0.871875 0.0796875 0.0828125