0 0.5057704784983086 0.34672038468993016 0.404144592433353 0.251133927430417
0 0.8199137583349497 0.22006043360815902 0.3601724833301006 0.31479638392743087
0 0.6079234256136724 0.18857861673815923 0.24381312818904774 0.19749716831236133
0 0.4088005283388291 0.13685638184013854 0.15924719636645773 0.07856402393569457
0 0.2513387147033471 0.16400337614055535 0.08587359818322886 0.0394274823325695
0 0.1257168324314133 0.18806108482177075 0.08867960485118864 0.0738024823325695
0 0.0914530159209934 0.3148788111704166 0.12190669303247781 0.060540069338541794
0 0.0406559194047545 0.28709995649701386 0.039349284547746874 0.061737587005972296
0 0.1772316639447427 0.13833253533486095 0.15867311151914842 0.10974128875333347
0 0.19392444061658182 0.27570524876572905 0.12407497091226487 0.0871025693385418
0 0.37263950091808395 0.23084342439319414 0.25612193849054987 0.15723584422416687
0 0.29189929713476037 0.35404649468166643 0.060044421820650486 0.0668978656913195
0 0.8434145154619515 0.4901183604698951 0.3131709690760971 0.23928723765090307
0 0.0941477101614192 0.26159015701010413 0.10366687606301594 0.06635365824437507