0 0.4765625 0.3578125 0.390625 0.25
0 0.8125 0.23828125 0.375 0.3234375
0 0.59140625 0.20234375 0.2359375 0.2015625
0 0.396875 0.14609375 0.159375 0.0921875
0 0.2375 0.16953125 0.084375 0.0390625
0 0.11015625 0.190625 0.0828125 0.071875
0 0.065625 0.31640625 0.11875 0.0609375
0 0.01875 0.28671875 0.0375 0.0640625
0 0.165625 0.1421875 0.153125 0.1125
0 0.17109375 0.2796875 0.1234375 0.09375
0 0.353125 0.2390625 0.25625 0.171875
0 0.2625 0.36015625 0.05625 0.0671875
0 0.82578125 0.50859375 0.3484375 0.2390625
0 0.07265625 0.26328125 0.1046875 0.0734375