0 0.4765625 0.3578125 0.384375 0.2421875
0 0.81640625 0.2390625 0.3671875 0.30625
0 0.59140625 0.20234375 0.228125 0.1921875
0 0.396875 0.14609375 0.153125 0.075
0 0.2375 0.16953125 0.0828125 0.0375
0 0.11015625 0.190625 0.0828125 0.071875
0 0.065625 0.31640625 0.1171875 0.0578125
0 0.0171875 0.2875 0.034375 0.0609375
0 0.165625 0.1421875 0.15 0.10625
0 0.17109375 0.2796875 0.1171875 0.084375
0 0.353125 0.2390625 0.24375 0.1515625
0 0.2625 0.36015625 0.0546875 0.065625
0 0.82734375 0.509375 0.3453125 0.23125
0 0.07265625 0.26328125 0.0984375 0.0640625