0 0.6032860439214668 0.48029863758172286 0.281886439408634 0.3920794574527388
0 0.6953949560300416 0.8142453489432866 0.3540484818322886 0.3715093021134269
0 0.7493801807353284 0.5960468783101449 0.22082190940281485 0.2371101563212708
0 0.821509627560828 0.40184288123701106 0.1051971672787225 0.1599113311856975
0 0.8110817948395507 0.24233152585081683 0.045949970912264604 0.08460225897699045
0 0.8003830240867653 0.11486505600324197 0.07863492515463051 0.08323065651766241
0 0.6782368281793495 0.06960203209733276 0.07063097758022466 0.1191045240041051
0 0.7117507009083855 0.022899748919845492 0.06712359818322895 0.037872704722264325
0 0.8442926496907394 0.17061560713471013 0.1249994842481847 0.15377950585373248
0 0.7063462395390184 0.17528440553570376 0.10382611485312836 0.12398292154477711
0 0.7321121587745949 0.35755200487177385 0.1927925042520638 0.2572499394987579
0 0.618416062717398 0.26622250204310344 0.07177914727484325 0.05664088544042354
0 0.4239983170901481 0.8268630027304745 0.2675052039525013 0.346273994539051
0 0.7307878722699941 0.07694235430603975 0.08198306576151389 0.10511474687674202