0 0.3334330066195378 0.5192739746180932 0.2600900533480409 0.38719310669954404
0 0.23051148366506177 0.18309376332750027 0.32335203266987644 0.36618752665500054
0 0.1833131902418183 0.4062392673058649 0.20281259263745519 0.23036130402608973
0 0.11800275165713905 0.6014250453135009 0.08213191149637403 0.15399770401018137
0 0.13401724173234159 0.7605273253103192 0.04135705417661044 0.08324885200509087
0 0.1491798612532142 0.8876256273074556 0.07573205417661044 0.08364884134309065
0 0.27288703495069727 0.9306932799570473 0.0632705955329393 0.1178602093411815
0 0.24172477213041565 0.9794671346276381 0.06253854135632882 0.03508407200827222
0 0.10332585980547215 0.8327204986473646 0.1132363622821623 0.15123633068109044
0 0.24108057093034266 0.8256517912953655 0.0898330955329393 0.11816929201145392
0 0.208933812658175 0.644093255967547 0.16291533870851377 0.24551358935390813
0 0.3258066354460353 0.733309202617775 0.06817211124870504 0.05545111600890866
0 0.5013334059148027 0.17036540197327396 0.24733318817039454 0.3407308039465479
0 0.22008952068267362 0.9242801952975925 0.06864730024766903 0.0991829346753633