0 0.42518983815856776 0.6174276501530993 0.28956309793005186 0.20339289133021304
0 0.2217804956271005 0.639735026160273 0.10004846680652095 0.06638368676785796
0 0.2557438663776693 0.4895931047154544 0.08648287427505377 0.05181185079830275
0 0.3169666315245163 0.4216760928524563 0.08960787427505376 0.051939184790691505
0 0.24422971638231367 0.3023623601526618 0.08948947510489073 0.0503766847906915
0 0.10379397053149857 0.31587305631205986 0.1303279626573361 0.07540585969555132
0 0.14771972405598352 0.414553295437645 0.11278526514684697 0.07001802273741298
0 0.26434834915622984 0.5507706852478021 0.1147262734452168 0.05452035672980173
0 0.19462264792076317 0.17587545600804871 0.12493006763635792 0.06583985870696814
0 0.7589434118182103 0.2728221684047071 0.11231166846619481 0.06376802273741297
0 0.847757458083944 0.26219373311972394 0.1119331601678251 0.0793293557412186
0 0.7386989989510928 0.43720300338567897 0.10629846680652104 0.06663835475263546
0 0.8365328477063374 0.4308800661235296 0.0888508576783142 0.08306185079830275