0 0.7480251359405028 0.39001880706902725 0.11953179734245403 0.07479734577334832
0 0.6143495699395481 0.4056111335640442 0.1242556600095451 0.07822273442229637
0 0.6982058545910489 0.5118728231081562 0.10534202800763595 0.0629586798265045
0 0.7691161492282321 0.7243542342746381 0.07874316534054522 0.05813147748246621
0 0.5886110365611412 0.7390441972591347 0.13813634667409042 0.06349890036914019
0 0.614279033975183 0.1433113926633428 0.14000792934436318 0.09016152991878959
0 0.7301227573201825 0.05001437076411771 0.10219884667409058 0.06119592072720588
0 0.6249432666295471 0.2331854210409729 0.09758407200827239 0.06714553207825791
0 0.569119980625411 0.26720877005352384 0.09763861600890866 0.0718330320782579
0 0.7455728452816841 0.33240656616832587 0.12561816534054504 0.06113536397194572
0 0.531853053906777 0.6521239905961596 0.12260225334181776 0.07031010487264702
0 0.6937343412237778 0.7619729526578055 0.1257090720082724 0.06894786397194572