0 0.5068065157153738 0.6504943743066723 0.291813443011738 0.20974603919208262
0 0.30519975011154166 0.6586692724990352 0.09875176051544958 0.0683983105039836
0 0.3200357767966503 0.510109752045064 0.08543288896415202 0.05240959765100221
0 0.3728465162812008 0.44612145988348056 0.09028416327441162 0.05567098997087019
0 0.28438712460351523 0.3210783442857898 0.09192855042954129 0.05727895407749282
0 0.14495281037916402 0.3248218067430598 0.13041119629109837 0.07712009263643722
0 0.201797031885033 0.4271033722616083 0.11643058344622811 0.07827341567683313
0 0.33655156942427555 0.5722149469513569 0.11692855042954128 0.058006379783455665
0 0.21825643430531075 0.19044445823412795 0.12358798620519007 0.06600073620994644
0 0.7979992452503016 0.3274422853646519 0.11437676051544958 0.0688529515702104
0 0.8859120030522177 0.3229797573888334 0.11700379353213641 0.08921091567683304
0 0.7987848965389255 0.49127746483153845 0.10829053482570909 0.07179609514371954
0 0.8963183158062309 0.4917752214954561 0.09200379353213642 0.08848348997087001