0 0.5836324493921323 0.7433201627473528 0.07064277210332363 0.11992276217486478
0 0.572714018275893 0.6098491436726293 0.07390416442319178 0.12466480925276535
0 0.46347306208682915 0.6969554517075787 0.05929609514371954 0.1056693474022122
0 0.24842237509809523 0.7741839736216759 0.055398205331134064 0.07905230032431163
0 0.2400462707831755 0.5937697706995765 0.05868834138279588 0.13845457386326174
0 0.8351230900626477 0.6021421891289721 0.0852963054894186 0.14048072402541756
0 0.9244022018994148 0.7154858944867035 0.057642666930474463 0.10251707386326192
0 0.7448390708623178 0.6154428043880918 0.06375627461060632 0.09793866801906326
0 0.7127563450772125 0.5605058883976236 0.06844377461060631 0.09802048863591431
0 0.641354021178887 0.7391860418061902 0.05676212852981451 0.12592730032431146
0 0.3289890988381363 0.5343754054404568 0.06604620031656908 0.12296594155801355
0 0.2134275979802065 0.699756717939633 0.0645746285298145 0.12606366801906327