0 0.4956722086998237 0.5980723854367358 0.28171133538669524 0.21463555334367826
0 0.2938195320208014 0.6286520610504082 0.09749504809323425 0.07028029121570664
0 0.31126494844820474 0.47758389756470737 0.08450397477225655 0.05519742515463033
0 0.36522327295030876 0.4073672502898641 0.08762897477225647 0.05545251666989941
0 0.2789087723173366 0.29140715256567723 0.0875744110699257 0.05389001666989941
0 0.13933784082899087 0.3106349978739681 0.12745536660488854 0.0805161606107628
0 0.1944196996293311 0.4072072378720284 0.11010417549789597 0.07442565727678296
0 0.32670146469027356 0.5382185086248138 0.11268353847458741 0.05905574879205204
0 0.21503226687504098 0.16734764135578956 0.12244048439090341 0.07075852333785919
0 0.792671171954517 0.24085084830391504 0.10988592068857236 0.06817565727678296
0 0.880706885294028 0.22661326299756382 0.10886905771188111 0.08367311151914843
0 0.7905878606992568 0.4055510770920877 0.10374504809323426 0.07079047424624481
0 0.8881622651457605 0.39523571723992934 0.08559524881887377 0.08644742515463033