0 0.4765625 0.3578125 0.403125 0.275
0 0.81328125 0.23828125 0.3734375 0.3203125
0 0.59140625 0.20234375 0.2453125 0.2140625
0 0.396875 0.14609375 0.15625 0.0828125
0 0.2375 0.16953125 0.084375 0.0453125
0 0.11015625 0.190625 0.0859375 0.0765625
0 0.065625 0.31640625 0.11875 0.0671875
0 0.01796875 0.28671875 0.0359375 0.0640625
0 0.165625 0.1421875 0.15 0.10625
0 0.17109375 0.2796875 0.1234375 0.09375
0 0.353125 0.2390625 0.259375 0.178125
0 0.2625 0.36015625 0.05625 0.065625
0 0.82109375 0.50859375 0.3578125 0.2703125
0 0.07265625 0.26328125 0.1015625 0.0671875