0 0.6244628717721523 0.4894778558687215 0.2271496071419447 0.30658174189573073
0 0.6338157687142703 0.6910025585136749 0.06947865824437507 0.10235072625188942
0 0.48512434878638827 0.6770373110033365 0.05508884992375016 0.08746917889684287
0 0.4208085820688884 0.6246095319935541 0.05516158510611113 0.09059417889684288
0 0.2962430335319091 0.7137846950347942 0.05988545269729171 0.09242969468185827
0 0.3008006341212493 0.853173418726435 0.07638327488562506 0.13083974729857709
0 0.40278201463020763 0.7957410793486008 0.07442073138263901 0.11356124203690517
0 0.547152223311423 0.6601613531672984 0.06046733415618064 0.11742969468185845
0 0.16595481506704796 0.7806676291227218 0.07794577488562511 0.13093075256024883
0 0.2996142210303123 0.2002227239739894 0.07452983415618064 0.11824874203690508
0 0.2946377399320138 0.11235099765151275 0.08855596656500006 0.1175052893919517
0 0.46349488307440956 0.19847967149844528 0.07118662860909737 0.10869173151356133
0 0.4634241075231943 0.10095992939095307 0.08797408510611113 0.09250528939195171