0 0.63671875 0.5376764671222636 0.2203125 0.29759556899199796
0 0.65078125 0.7402656789728166 0.0671875 0.0996102621748646
0 0.5015625 0.7150048060030592 0.053125 0.08530230032431163
0 0.4359375 0.6576093173671449 0.053125 0.08842730032431163
0 0.31328125 0.7374995945595432 0.0578125 0.09007162094116268
0 0.32109375 0.877479712254295 0.0734375 0.12784435633066593
0 0.421875 0.8276763555165918 0.071875 0.11062958279171582
0 0.56328125 0.7028008607915975 0.0578125 0.11507162094116268
0 0.184375 0.7946245275961401 0.075 0.1278716298696164
0 0.3046875 0.22328709009531628 0.071875 0.11531708279171564
0 0.29765625 0.13488310917003976 0.0859375 0.11400004464226869
0 0.46875 0.233963311685102 0.06875 0.10588753571381497
0 0.46640625 0.13626615137667647 0.0859375 0.0890000446422687