0 0.3796466406616327 0.5833051329976308 0.03839411465389251 0.049598180913749526
0 0.745714296699955 0.7522275346665934 0.04497166327441171 0.05632177759440164
0 0.5619368402320915 0.652022934661949 0.03683161465389251 0.04947978174358649
0 0.6552530710102145 0.7422353827971382 0.04184666327441171 0.05608497925407576
0 0.18402428143480706 0.46965333963168215 0.03650406603337357 0.04322978174358649
0 0.13935691259704303 0.40901091494171 0.034614017412854546 0.03686138257342346
0 0.44742728290514505 0.6668764948251299 0.035105340343633176 0.04623638257342364
0 0.2634284984181203 0.4960633968950779 0.025075243102595034 0.03302598755244546
0 0.10743852725093558 0.3595311331981234 0.028364017412854547 0.03638778589277143
0 0.2313529828142881 0.47951451432165443 0.03116146879233552 0.030374584233097402
0 0.8340840779076195 0.7871604869509674 0.05311171189493038 0.0631637734452168
0 0.082718488241355 0.32236209730535204 0.024911468792335523 0.029900987552445368
0 0.3239632066950063 0.5382993637015989 0.028855340343633084 0.04576278589277152
0 0.2905299089789984 0.5177258319580125 0.021042840343632997 0.045170790041956364