0 0.5306741124230412 0.6432176492524591 0.07178527110331831 0.08805992198083885
0 0.40117575284596435 0.7599813461093843 0.07033186525911965 0.0942280348257091
0 0.31810947727512384 0.3669915846894235 0.036755706168510205 0.048758404567984304
0 0.42961221875370725 0.5644165405914603 0.0511454886359143 0.06824538896415219
0 0.4130986489476351 0.4353088947299032 0.028943206168510115 0.04834896879233561
0 0.3282036773578494 0.5950723190855912 0.04306025324641087 0.05221095318850324
0 0.37288493182207627 0.5888123530067892 0.041497753246410876 0.052129066033373486
0 0.35876393060426026 0.5466281750330566 0.057122753246410876 0.05294793758467122
0 0.3081463218379623 0.5345918424913396 0.04130683847375849 0.04119156603337348
0 0.314673011367381 0.5638665846894234 0.03799092370110611 0.03009029172311415
0 0.35725202354224567 0.4988490943003619 0.04429547077900686 0.033542840343633175
0 0.37661567816862823 0.46467549016191895 0.0319045649348082 0.03913774310259512
0 0.3931213396948698 0.5046387488683463 0.035193206168510204 0.048676517412854635
0 0.3210963352306429 0.5094656897323777 0.035193206168510204 0.048676517412854635
0 0.35069806047387664 0.47113685210227807 0.0319045649348082 0.03913774310259512
0 0.3288776075517773 0.4668654319304615 0.02557274431795715 0.034122694482076096