0 0.70390625 0.35859375 0.0609375 0.07109375
0 0.18046875 0.29765625 0.0765625 0.09140625
0 0.10546875 0.10625 0.0640625 0.05
0 0.37578125 0.09765625 0.0578125 0.0375
0 0.31015625 0.11796875 0.0671875 0.07265625
0 0.90546875 0.175 0.0390625 0.04375
0 0.81875 0.2546875 0.05546875 0.05546875
0 0.7921875 0.40546875 0.03125 0.03984375
0 0.8546875 0.43671875 0.0625 0.0859375
0 0.84921875 0.4984375 0.06328125 0.06328125
0 0.82890625 0.5796875 0.04921875 0.04765625
0 0.8125 0.5390625 0.0484375 0.04765625
0 0.72578125 0.5640625 0.0453125 0.0484375
0 0.77265625 0.83203125 0.03828125 0.05546875
0 0.66328125 0.40859375 0.04453125 0.053125
0 0.60703125 0.43203125 0.05859375 0.0734375
0 0.55390625 0.38203125 0.06015625 0.05390625
0 0.54296875 0.47421875 0.0421875 0.06484375
0 0.21484375 0.37265625 0.04609375 0.0515625
0 0.1125 0.4046875 0.05859375 0.0578125
0 0.32109375 0.42578125 0.06796875 0.0671875
0 0.36484375 0.4625 0.046875 0.05390625
0 0.38203125 0.51484375 0.04375 0.05546875
0 0.45546875 0.55625 0.04375 0.05703125
0 0.515625 0.57734375 0.0390625 0.04921875
0 0.4921875 0.609375 0.04296875 0.059375
0 0.503125 0.70078125 0.046875 0.046875
0 0.47265625 0.71953125 0.03984375 0.04375
0 0.55625 0.82890625 0.04453125 0.0453125
0 0.77421875 0.83671875 0.0484375 0.04609375
0 0.66484375 0.8875 0.0328125 0.0234375
0 0.47421875 0.88828125 0.046875 0.0203125
0 0.24765625 0.49765625 0.0453125 0.06796875
0 0.16015625 0.5421875 0.05234375 0.05625
0 0.20703125 0.54140625 0.05703125 0.04765625
0 0.2890625 0.51171875 0.05 0.04296875
0 0.2921875 0.590625 0.03984375 0.0453125
0 0.371875 0.6484375 0.04765625 0.0640625
0 0.40546875 0.70703125 0.0359375 0.053125
0 0.4046875 0.79375 0.053125 0.06484375
0 0.35625 0.84296875 0.0671875 0.08203125
0 0.2984375 0.62734375 0.040625 0.0296875
0 0.26171875 0.6328125 0.0453125 0.0421875
0 0.1484375 0.66953125 0.04921875 0.0515625
0 0.20859375 0.68203125 0.07578125 0.11015625
0 0.13984375 0.7703125 0.0609375 0.0515625
0 0.12890625 0.85859375 0.0796875 0.09375
0 0.053125 0.76328125 0.0359375 0.1328125
0 0.08125 0.76875 0.03671875 0.11328125
0 0.22578125 0.846875 0.059375 0.0609375
0 0.29296875 0.69453125 0.10625 0.1203125
0 0.30859375 0.7765625 0.05390625 0.04765625
0 0.2859375 0.8234375 0.0515625 0.07578125
0 0.365625 0.72578125 0.05 0.05625