0 0.6966814716073956 0.6065696624765428 0.03412202885594055 0.039411110495108835
0 0.049474144110066676 0.4663222209902177 0.048948420688572525 0.06210515785015538
0 0.5571031056354793 0.5459899362952404 0.042261911069925516 0.04924113680346807
0 0.46330846561694583 0.5193903679640937 0.040699411069925695 0.04915013154179633
0 0.4162697745099533 0.5213477101139381 0.030997028855940557 0.03922909997176518
0 0.7628868249654401 0.6386078887284323 0.030887901451278843 0.03610409997176518
0 0.8701611224257023 0.7051345070454618 0.03434028366526398 0.045661110495108834
0 0.6149776038213808 0.5924168862387708 0.0360119110699257 0.048877115756780755
0 0.337437935579879 0.4697859391378379 0.039136911069925694 0.04905912628012441
0 0.14386155037066892 0.43111203405969273 0.04404266587924912 0.055582142065139804
0 0.23324150890085665 0.449626086605824 0.04538691106992569 0.0494231473268119
0 0.8158828501931836 0.690230572886947 0.030997028855940557 0.03922909997176518