0 0.28116485382038137 0.6379608872931382 0.06261040919430556 0.07258407200827222
0 0.8031840177643396 0.6928076405554142 0.07867182028847211 0.09151588534372675
0 0.8737289878447214 0.8833411865452329 0.0652262629177777 0.0507454346753633
0 0.6032164660932284 0.8950803072485949 0.058685322188333444 0.038172709341181485
0 0.6693142447785757 0.8740041912396862 0.06886040919430556 0.07265679734245438
0 0.07532916185666598 0.8239000293205005 0.04008079255305561 0.044204533338636054
0 0.16390265900687437 0.7432034653087284 0.05755923328250003 0.05690452800763594
0 0.1939746315557981 0.5921131326384559 0.0321955573706945 0.04098862667090888
0 0.13220198337940925 0.5615903859802737 0.06450021751493065 0.08666475334181775
0 0.13910725323104126 0.49980800131286457 0.06399107123840282 0.06478975334181776
0 0.16131086797243022 0.41832164397677385 0.05109102773541672 0.04745680267345413
0 0.1767715606017357 0.45875573997454666 0.049528527735416716 0.04743862133990877
0 0.26407219206062466 0.4327466759627745 0.0464398953265972 0.04896475867281787
0 0.22343423394809014 0.16532336596913777 0.03880923328250008 0.05668635200509069
0 0.3229536167381592 0.5874881726209567 0.044986498100138925 0.0536340773392725
0 0.37974913060586757 0.5633961446133207 0.061084276785486134 0.07412839067472703
0 0.43171036768808974 0.6127779792727756 0.060611498100139015 0.05381589067472703
0 0.4447935555677426 0.5204632099379574 0.04371493882958344 0.06611589600572695
0 0.7705546621410064 0.618207629893414 0.048075130508958355 0.05210794000636341
0 0.8736439477602078 0.5849855025461874 0.060720600873680655 0.05850339067472703
0 0.6655411602411453 0.5663189605745043 0.07031380642076393 0.06798747867599957
0 0.6226457986338885 0.5301092879137768 0.04811149810013902 0.05367044000636341
0 0.6066766129384371 0.47796553258277663 0.045059233282499986 0.056759077339272324
0 0.5342028541047219 0.4374138052594125 0.045059233282499986 0.056759077339272504
0 0.4745375665856594 0.41702003660091214 0.040226262917777686 0.05045453333863605
0 0.4987206022048608 0.3847160665977304 0.04513196846486114 0.0598840773392725
0 0.4899106062889233 0.2934370859325486 0.047966027735416715 0.047420440006363404
0 0.52081576738309 0.2743325499284124 0.041643292553055565 0.0442227146721816
0 0.43976774876572905 0.1659302512730937 0.04480466014423605 0.04582157733927246
0 0.22198083672163182 0.16065404730268323 0.049528527735416716 0.04743862133990877
0 0.3325377834349999 0.1086001039545021 0.033358013867708355 0.02381930800445433
0 0.5231809672305902 0.10560073126195783 0.04734777868534721 0.020857940006363318
0 0.7406515694354511 0.49358943789786835 0.046912674011944586 0.06927725867281787
0 0.8291880457840968 0.4480400332193234 0.05443423328250034 0.056868165340545215
0 0.7822948619885066 0.4493667232256868 0.057341027735416716 0.04752952800763595
0 0.699572627756076 0.48000874323682263 0.051018292553055566 0.044331802673454136
0 0.6982841911106942 0.4011388559039135 0.041679660144236054 0.04578521467218159
0 0.6199422919843747 0.34425360391473114 0.04836607123840277 0.06460794000636341
0 0.5877123266536456 0.28605075258595825 0.037173998100139015 0.05354317067154524
0 0.5905119779641665 0.19932291191918555 0.05465243882958344 0.06624316534054513
0 0.6400950570863541 0.14954054057927674 0.06907861474138902 0.08203179734245411
0 0.6928888295034372 0.36449283123809534 0.04131598423243048 0.030160214672181596
0 0.7297348660725691 0.3585968198997773 0.04629442496187508 0.04271475867281786
0 0.8438707544653121 0.3205599232177326 0.05120013050895835 0.05214430267345431
0 0.7840054451947566 0.3087599045592322 0.07754573138263901 0.11024770401018139
0 0.8548102140964581 0.21967867588323262 0.062137630508958354 0.05227157200827239
0 0.8678024829981595 0.13127015654841453 0.08186955547083344 0.09467724801081764
0 0.9413653099361458 0.22570086187146043 0.039028745250347184 0.13323067067154523
0 0.9133675965052775 0.22055937587527846 0.040118466564999976 0.1129363520050907
0 0.7706547260643054 0.1441161492282321 0.060793336056041626 0.0616283906747269
0 0.6999213859242012 0.2972416965706862 0.10905030452090295 0.12154883068109026
0 0.6862056844611804 0.2153922599061407 0.054216027735416714 0.04749316534054513
0 0.7099529621965971 0.16825363056973175 0.05330814437666671 0.07559998400699967
0 0.6279924877478124 0.2668371285805494 0.05130923328249999 0.056831802673454224