0 0.5593402236216759 0.1995460041383384 0.06016593262956001 0.04807793507002258
0 0.8421469951320313 0.2761447756450724 0.06671594155801372 0.06555653349844608
0 0.40899139610496604 0.1370738910276066 0.10454322402541756 0.08605312406898662
0 0.1389067670461286 0.09188778536047285 0.10772277110331836 0.0893236732831983
0 0.8941674168045426 0.3369516890034732 0.04147047970746058 0.050329639784752266
0 0.22479012540868473 0.4040367208447802 0.16767051542127548 0.1249016083532208
0 0.12332171388573851 0.8505906972711316 0.08231366801906326 0.0647217795695049
0 0.1026635296280303 0.2005200767168017 0.0382363855516592 0.04393409057054054
0 0.1926616436726293 0.5452631883797915 0.03160455600635439 0.021767992142117266
0 0.1749053534945875 0.623371071754403 0.0694863855516592 0.045389582712657625
0 0.13607863271558068 0.6564040496284965 0.01913182954530477 0.022748295285270358
0 0.1232183482195817 0.7670697218782374 0.025436376623205435 0.026164393713693813
0 0.23158422727841915 0.8197879993808275 0.03810001785690744 0.03612159057054072
0 0.23413430317027592 0.6736942493808276 0.025381829545304768 0.02303939371369381
0 0.39510125649941236 0.8433966656347124 0.04114319724005648 0.03157963978475209
0 0.2892388145343616 0.7366993635250166 0.026998876623205437 0.026237168320799496
0 0.40325604464556397 0.3762091656347124 0.044595479707460584 0.05047518899896399
0 0.487595862826783 0.284852111458102 0.05216251785690744 0.03677656203449331
0 0.5175464155867265 0.3131205066195378 0.06647047970746059 0.05149403349844599
0 0.5866782451320314 0.28804342390688004 0.06164661201270878 0.04346320967712849
0 0.8421333583625561 0.2769260256450724 0.06027502678536116 0.05432793507002263
0 0.8910287800350674 0.33787848821768496 0.041497753246410696 0.05189213978475227
0 0.8974503295486 0.4172021151821557 0.028834112012708957 0.04193494292790554
0 0.6234049034118619 0.3753229460327866 0.03810001785690744 0.03612159057054054
0 0.6629253250843732 0.4367120562480342 0.04292388555165925 0.04415241439185813
0 0.5415003384770538 0.41660722560229113 0.041225017856907444 0.03626713978475227
0 0.37013207873782117 0.5744668831697237 0.03648297077900677 0.032923815963434674
0 0.5818644655072963 0.5638246739068801 0.028615923701106105 0.029434942927905362
0 0.3934195742735943 0.5819690140631358 0.023901150162155816 0.02765411910658777
0 0.3506769208650276 0.6604600411514412 0.06638865909060954 0.0468065334984459
0 0.3510393851512127 0.7291372665443353 0.020694329545304768 0.022821069892376044
0 0.5113126375868446 0.8044175947088791 0.03651024431795698 0.034486315963434676
0 0.4352701091766303 0.6440302123677247 0.023955697240056396 0.03077911910658777
0 0.4115462370176518 0.6615280814743126 0.02535455600635448 0.021476893713693813
0 0.4932814322291133 0.7193897772977023 0.03193183847375849 0.040517992142117265
0 0.4903024825534249 0.6664467138154668 0.03174092370110611 0.029580492142117266
0 0.6103717004930579 0.853666269854104 0.03193183847375849 0.040517992142117265
0 0.5243365633165457 0.6843769224591381 0.044459112012708954 0.04266268899896399
0 0.5446314724071553 0.6397172398703148 0.044240923701106286 0.030162688998964172
0 0.6025491124230412 0.5862797167109509 0.019022735389503432 0.01649829528527036
0 0.5774672918061902 0.5921316104246447 0.019022735389503432 0.01649829528527036
0 0.7184683928618505 0.6534778711780117 0.057122753246410876 0.0526198858558109
0 0.679832586855496 0.6755733490521052 0.029932961850553143 0.015445217535011223
0 0.6406161282513538 0.6414916015333045 0.025463650162155814 0.02772689371369381
0 0.615012156254531 0.6325361325505512 0.02225682954530477 0.022893844499482084
0 0.8619984302005184 0.793548445413614 0.03810001785690744 0.03612159057054054
0 0.6084309196472116 0.6070823682825275 0.041061376623205345 0.026892139784752266
0 0.573220122569311 0.6118447969424092 0.02839773538950343 0.01693494292790554
0 0.6735319939175106 0.7234843101769757 0.03168637662320535 0.026455492142117086
0 0.618254158690163 0.7151303087292336 0.056850017856907444 0.03699488585581072
0 0.8687199886425049 0.8556845723780846 0.04437729139585791 0.03797518899896417
0 0.8126648575550725 0.8918618209303426 0.03478410308425524 0.02503854135632899
0 0.7532040827983062 0.8548198933039182 0.01929547077900686 0.03212329528527036
0 0.7919177552815964 0.7835420527333776 0.022638659090609536 0.04476884449948208
0 0.7798347666456821 0.8496764749831186 0.02225682954530477 0.022893844499482084
0 0.749761482960462 0.8284393298216827 0.03168637662320535 0.026455492142117266
0 0.7305029683499654 0.8137240124105058 0.034975017856907445 0.035976041356328634
0 0.6762012520351854 0.8388909863556581 0.02231137662320535 0.026018844499482087
0 0.6352313786583909 0.8158195134439634 0.028506829545304768 0.023184942927905183
0 0.6483586700542487 0.7792998165871164 0.028452282467404187 0.02005994292790536
0 0.6580064054437521 0.7632381689444813 0.03623750892845372 0.018861315963434676
0 0.5947115186742769 0.7669667905322685 0.034702282467404186 0.02035104135632899
0 0.7481501643722058 0.7418661290358946 0.02543637662320535 0.026164393713693813
0 0.7784007260606032 0.7529470241973304 0.025518197240056394 0.03085189371369381