0 0.22578125 0.43671875 0.0453125 0.06015625
0 0.315625 0.15234375 0.0625 0.06640625
0 0.15625 0.58828125 0.08125 0.10234375
0 0.0984375 0.859375 0.084375 0.10625
0 0.37890625 0.09921875 0.0484375 0.03984375
0 0.41484375 0.76796875 0.1171875 0.16484375
0 0.85703125 0.86171875 0.0609375 0.08125
0 0.20546875 0.89375 0.0421875 0.0375
0 0.5546875 0.79765625 0.0203125 0.03203125
0 0.63203125 0.8140625 0.0421875 0.06796875
0 0.66328125 0.85234375 0.02265625 0.01796875
0 0.7734375 0.86328125 0.025 0.02578125
0 0.83125 0.75390625 0.034375 0.03828125
0 0.68515625 0.75390625 0.021875 0.025
0 0.8625 0.58984375 0.0296875 0.03984375
0 0.75078125 0.69765625 0.02421875 0.0265625
0 0.3953125 0.58984375 0.0484375 0.04375
0 0.3078125 0.50703125 0.034375 0.0515625
0 0.3375 0.4765625 0.0484375 0.06484375
0 0.315625 0.4078125 0.04140625 0.0609375
0 0.31640625 0.15234375 0.0515625 0.059375
0 0.3796875 0.10234375 0.05 0.040625
0 0.459375 0.09453125 0.04140625 0.02734375
0 0.4046875 0.36953125 0.034375 0.0375
0 0.46796875 0.32890625 0.0421875 0.0421875
0 0.4421875 0.45078125 0.034375 0.03984375
0 0.5921875 0.61953125 0.03203125 0.0359375
0 0.59140625 0.4078125 0.02734375 0.028125
0 0.60078125 0.59609375 0.0265625 0.0234375
0 0.67734375 0.6375 0.04453125 0.06484375
0 0.74609375 0.6359375 0.02109375 0.0203125
0 0.82890625 0.47421875 0.0328125 0.0359375
0 0.66484375 0.553125 0.0296875 0.0234375
0 0.68125 0.5765625 0.0203125 0.025
0 0.74296875 0.49375 0.0390625 0.03125
0 0.68984375 0.49765625 0.02890625 0.03203125
0 0.8828125 0.37421875 0.03828125 0.03203125
0 0.709375 0.46328125 0.040625 0.04296875
0 0.665625 0.44375 0.02734375 0.04375
0 0.61484375 0.38671875 0.015625 0.01796875
0 0.61953125 0.41171875 0.01484375 0.01796875
0 0.6875 0.26953125 0.05 0.05625
0 0.7078125 0.3078125 0.0140625 0.0296875
0 0.671875 0.34765625 0.0265625 0.02421875
0 0.66171875 0.3734375 0.02265625 0.02109375
0 0.834375 0.1234375 0.03359375 0.0375
0 0.6359375 0.38046875 0.02578125 0.04140625
0 0.6390625 0.415625 0.015625 0.02890625
0 0.75546875 0.31328125 0.025 0.03125
0 0.74453125 0.36875 0.03515625 0.05625
0 0.896875 0.115625 0.0359375 0.04375
0 0.93046875 0.17109375 0.0234375 0.03515625
0 0.890625 0.23125 0.03203125 0.01953125
0 0.82109375 0.19375 0.04296875 0.02109375
0 0.88671875 0.2046875 0.021875 0.02265625
0 0.8640625 0.23515625 0.02421875 0.03203125
0 0.8484375 0.2546875 0.034375 0.03359375
0 0.87109375 0.30859375 0.02421875 0.02265625
0 0.84609375 0.35 0.02109375 0.02734375
0 0.81015625 0.3375 0.01875 0.02890625
0 0.79453125 0.328125 0.0171875 0.0359375
0 0.7953125 0.39140625 0.01953125 0.03359375
0 0.77734375 0.23828125 0.02421875 0.02578125
0 0.78984375 0.2078125 0.02890625 0.025