0 0.26213780553127236 0.86796875 0.08184996369925476 0.103125
0 0.7039894831261736 0.79140625 0.07082156010845857 0.0875
0 0.6089587842576417 0.74296875 0.051962475799503235 0.06875
0 0.34236670277735676 0.640625 0.04563975292686617 0.05625
0 0.10051100088376277 0.58359375 0.048782933645025485 0.059375
0 0.9457689587292851 0.59296875 0.030105656517662283 0.071875
0 0.8817382749860638 0.5875 0.03782725292686635 0.05625
0 0.8463189254536019 0.4984375 0.0441317950813442 0.065625
0 0.7847456211988758 0.4734375 0.03465680113146803 0.0484375
0 0.055470169894457064 0.80546875 0.04892837939029935 0.084375
0 0.3077740550402931 0.54375 0.03466589149054773 0.05
0 0.10163470199178981 0.121875 0.031504530054229284 0.04375
0 0.25461269360397454 0.55 0.031477258976990365 0.0390625
0 0.2618080909482548 0.3875 0.031486349336070064 0.040625
0 0.2952700307416004 0.41015625 0.03466589149054773 0.05
0 0.2970688800776704 0.36953125 0.03769998789975162 0.034375
0 0.35944616023009557 0.390625 0.033048849336070066 0.040625
0 0.404553606269957 0.56015625 0.04247839149054773 0.05
0 0.38444563934924847 0.525 0.04411361436318471 0.0625
0 0.428069416083828 0.278125 0.031486349336070064 0.040625
0 0.49280460265571974 0.1625 0.025254530054229285 0.04375
0 0.5056666543763632 0.503125 0.0441136143631848 0.0625
0 0.5744762625912277 0.35859375 0.03302157825883114 0.0359375
0 0.5578478196746242 0.2625 0.03457498789975162 0.034375
0 0.5999398709042882 0.27890625 0.031486349336070064 0.040625
0 0.5941393227978822 0.3359375 0.03145907825883114 0.0359375
0 0.6290455879231927 0.37890625 0.040952252926866176 0.05625
0 0.6934120940715127 0.4609375 0.03942611436318479 0.0625
0 0.7303126512531051 0.4296875 0.034638620413308986 0.0453125
0 0.7062438921779188 0.40390625 0.040879530054229285 0.04375
0 0.6750307744950843 0.26328125 0.034665891490547905 0.05
0 0.7176495456705191 0.3234375 0.06925906010845857 0.0875
0 0.6986359252572102 0.36875 0.031386355386194255 0.0234375
0 0.883510374125742 0.4171875 0.05029089149054755 0.05
0 0.9040137716664141 0.384375 0.02530907220870695 0.053125
0 0.8673995607958297 0.36640625 0.03152271077238851 0.046875
0 0.8250529795119362 0.39375 0.040924981849627076 0.0515625
0 0.8151876210024842 0.34375 0.02836134933607006 0.040625
0 0.8386932986955813 0.33203125 0.023601126463433174 0.028125
0 0.7944211239293504 0.2875 0.056595433645025395 0.059375
0 0.8848779522863774 0.31640625 0.04700226502711473 0.021875
0 0.8797091841360049 0.26484375 0.06923178903121965 0.0828125
0 0.9408284913175973 0.23359375 0.04728406615858276 0.0703125
0 0.9280466901861291 0.28203125 0.043949987899751616 0.034375
0 0.9121040484991895 0.20234375 0.03777271077238851 0.046875
0 0.9000540212736305 0.125 0.04714771077238851 0.046875
0 0.7260620093697738 0.2203125 0.04713862041330898 0.0453125
0 0.7491722564429077 0.2765625 0.03936248184962743 0.0515625
0 0.8439898527539157 0.22734375 0.04252384328594587 0.0578125
0 0.8151063286516147 0.2234375 0.02996021077238851 0.046875
0 0.8498813044511178 0.1546875 0.050390885440423715 0.0671875
0 0.7969472019917898 0.121875 0.04238748789975162 0.034375
0 0.730440958041914 0.1390625 0.03310339149054773 0.05
0 0.6922733375304093 0.11953125 0.03615566861791084 0.0375
0 0.8186722110669761 0.14765625 0.01897725897699054 0.0390625
0 0.8873222171171005 0.16484375 0.028452252926866352 0.05625