0 0.45859375 0.38515625 0.0703125 0.08359375
0 0.5859375 0.26171875 0.06875 0.08984375
0 0.67578125 0.65 0.0359375 0.04609375
0 0.5609375 0.45859375 0.05 0.06640625
0 0.5796875 0.58671875 0.02890625 0.046875
0 0.66171875 0.42265625 0.0421875 0.04921875
0 0.6171875 0.43125 0.04140625 0.04921875
0 0.63203125 0.47265625 0.05625 0.05078125
0 0.6828125 0.48203125 0.03984375 0.0390625
0 0.67578125 0.453125 0.0375 0.02734375
0 0.634375 0.5203125 0.04375 0.03046875
0 0.615625 0.55546875 0.03125 0.03828125
0 0.5984375 0.51640625 0.034375 0.04765625
0 0.6703125 0.5078125 0.03359375 0.046875
0 0.64140625 0.54765625 0.03046875 0.03671875
0 0.66328125 0.55078125 0.02421875 0.0328125