0 0.6123390208599949 0.9078759188265468 0.01715464901126431 0.022147735389503254
0 0.5831703269282953 0.8440082877391145 0.017591691585911208 0.028397735389503253
0 0.4826786540318174 0.8492940312462928 0.019372712873234655 0.03155000892845372
0 0.5918511942606759 0.75342419804754 0.014466691585911207 0.028343188311602673
0 0.516397726191661 0.7474139314084486 0.016717606436617415 0.015897735389503433
0 0.5900208964902488 0.7236685142001642 0.01402964901126431 0.022093188311602674
0 0.5776901412944687 0.687471915580136 0.017263909654926125 0.023710235389503433
0 0.5048482209958809 0.7112309695578956 0.014357430942249394 0.026780688311602675
0 0.5394578037993863 0.6078020064895264 0.015373627723940686 0.01899546185055314
0 0.4872233144430481 0.60532584293469 0.012248627723940687 0.018940914772652383
0 0.5103001815233272 0.5885201724799949 0.01682686708027905 0.01746023538950343
0 0.5365402534310693 0.5600366623337252 0.01402964901126431 0.022093188311602674
0 0.49079071085642234 0.5654957297041652 0.012248627723940864 0.018940914772652383
0 0.4047768012014963 0.587460458600847 0.013811127723940863 0.018968188311602675
0 0.4543069076381137 0.5726809383083074 0.011123170298587759 0.025163641233702093
0 0.4689157108564224 0.5651139001588605 0.016717606436617415 0.015897735389503252
0 0.4853983705113484 0.5419354987788887 0.012467149011264311 0.022065914772652385
0 0.42567916308599524 0.5346354675293006 0.013811127723940686 0.018968188311602675
0 0.42677176952261264 0.5190104675293006 0.0139203883676025 0.020530688311602673
0 0.45508243982120045 0.49447411769145644 0.016717606436617415 0.015897735389503433
0 0.46317344526908205 0.4570695750777826 0.01715464901126431 0.02214773538950343
0 0.511610945269082 0.4579150547852432 0.010576867080279051 0.017351141233702093
0 0.5004384984873906 0.4498980032431156 0.012467149011264311 0.022065914772652385
0 0.5065299613606254 0.4187161870904914 0.013592606436617416 0.015843188311602675
0 0.47906052522259585 0.4088502633893853 0.010904649011264311 0.022038641233702094
0 0.44693644007330197 0.4208047926103785 0.013483345792955603 0.014280688311602674
0 0.4633151929232936 0.36555423092198125 0.009123627723940686 0.018886367694751716
0 0.46196549639370377 0.2841814999967047 0.01024908514929379 0.012663641233702094
0 0.5000010919345579 0.3442928855483639 0.013811127723940686 0.018968188311602675
0 0.4782296347613063 0.2641280986167329 0.010686127723940864 0.018913641233702094
0 0.47674354441623235 0.24063605153883225 0.010358345792955604 0.014226141233702094