0 0.42301506302879116 0.5346833226487412 0.08929172896477802 0.07178527110331831
0 0.29067282057035976 0.409494182225818 0.09543246832111638 0.07033186525911965
0 0.67267158355981 0.3128729577966586 0.04938799480421992 0.036755706168510205
0 0.4892959908689475 0.4310577163180752 0.06912134059717552 0.0511454886359143
0 0.6161098631450067 0.41007128612414734 0.04884169158591121 0.028943206168510115
0 0.44631117935276565 0.330903757713933 0.05295003737886681 0.04306025324641087
0 0.4580188576971251 0.37528500324970615 0.052840776735205174 0.041497753246410876
0 0.4983871315823386 0.3597185044675221 0.05393338317182241 0.057122753246410876
0 0.5042111606633322 0.30877361323382013 0.041903276735205 0.04130683847375849
0 0.47579658355980997 0.3163094237044014 0.030747255447881726 0.03799092370110611
0 0.545879490616846 0.35654291152953677 0.03430929802252862 0.04429547077900677
0 0.5823468683407869 0.3746792569031541 0.039685212873234656 0.0319045649348082
0 0.544486235421066 0.39254859537691267 0.0492787341605581 0.035193206168510204
0 0.5308664958126261 0.3208235998411395 0.0492787341605581 0.035193206168510204
0 0.5727315677203683 0.3490343745979058 0.03968521287323483 0.0319045649348082
0 0.5743269187091039 0.32710482752000514 0.03456067029858776 0.02557274431795715