0 0.8234994737517118 0.56328125 0.05050713939685174 0.059375
0 0.7585353124418965 0.84765625 0.06824144354388881 0.065625
0 0.8797707231860642 0.41171875 0.09027226842611072 0.103125
0 0.9138655933083332 0.140625 0.0936706704996297 0.10625
0 0.6999018976917112 0.90078125 0.051991726955740704 0.040625
0 0.6054563539587496 0.23203125 0.1316778098964811 0.165625
0 0.15506679175319418 0.13828125 0.06804595391148131 0.08125
0 0.8038269204996296 0.10625 0.04546832488222208 0.0375
0 0.4630152842603237 0.20234375 0.023046520735185184 0.03125
0 0.3842361733743515 0.1859375 0.04820234561740726 0.06875
0 0.3496369979737497 0.14765625 0.02351541244111104 0.01875
0 0.2385238407164349 0.13671875 0.02718721658814811 0.025
0 0.19028041328958287 0.24609375 0.03765582488222217 0.0375
0 0.33637416328958286 0.24609375 0.02406221658814811 0.025
0 0.17338402214930476 0.41015625 0.03324172695574066 0.040625
0 0.2756704006129161 0.30234375 0.027323917624907334 0.0265625
0 0.6405715221493048 0.41015625 0.05226512902925915 0.04375
0 0.7353166770975454 0.49296875 0.038886134213055354 0.0515625
0 0.7082948473143509 0.5234375 0.054178943543888816 0.065625
0 0.7361846929317581 0.5921875 0.045956340433610875 0.0609375
0 0.7577540624418966 0.84765625 0.056757139396851744 0.059375
0 0.6988472456181928 0.89765625 0.053554226955740705 0.040625
0 0.619843250801989 0.90546875 0.04308561866166656 0.028125
0 0.65047136833236 0.63046875 0.03765582488222208 0.0375
0 0.5907443452881006 0.67109375 0.04587842799249984 0.0421875
0 0.6058629144208785 0.54921875 0.037929226955740705 0.040625
0 0.4410992024508789 0.38046875 0.03439412384546294 0.0359375
0 0.4604034429317581 0.5921875 0.030585618661666557 0.028125
0 0.4345559680022678 0.40390625 0.028613015551388798 0.0234375
0 0.3543708905281474 0.3625 0.04949144354388881 0.065625
0 0.2857575915649067 0.3640625 0.02365211347787035 0.0203125
0 0.21709364886948973 0.52578125 0.03595662384546294 0.0359375
0 0.37425274651314727 0.446875 0.0317380155513888 0.0234375
0 0.35579598096175846 0.4234375 0.02249971658814811 0.025
0 0.30132238590999905 0.50625 0.0417965207351851 0.03125
0 0.3541056333181009 0.50234375 0.030859020735185184 0.03125
0 0.1719362652220821 0.62578125 0.0417965207351851 0.03125
0 0.33758180612680455 0.53671875 0.04445262902925915 0.04375
0 0.38304056908629525 0.55625 0.03195262902925915 0.04375
0 0.43881140692800813 0.61328125 0.017265412441111037 0.01875
0 0.43193669033986 0.58828125 0.017265412441111037 0.01875
0 0.37640773468495226 0.73046875 0.054921237323333295 0.05625
0 0.35274605928435054 0.6921875 0.016659819698425872 0.0296875
0 0.3851976828469895 0.65234375 0.02874971658814811 0.025
0 0.39309836574046175 0.6265625 0.023788814514629573 0.021875
0 0.24231428162194274 0.8765625 0.03765582488222217 0.0375
0 0.4182644610750451 0.61953125 0.028554226955740704 0.040625
0 0.41206368774796187 0.584375 0.01808561866166656 0.028125
0 0.30461135565569314 0.68671875 0.027734020735185095 0.03125
0 0.3106959688507395 0.63125 0.039296237323333205 0.05625
0 0.18049778680573905 0.884375 0.03976512902925915 0.04375
0 0.14205115000078544 0.82890625 0.02644492280870363 0.034375
0 0.17663191008555407 0.76875 0.03445291244111108 0.01875
0 0.24944398496777623 0.80625 0.04566381451462957 0.021875
0 0.18286207771046142 0.7953125 0.023788814514629573 0.021875
0 0.2028526574936559 0.76484375 0.02787072177194432 0.0328125
0 0.21676889453416526 0.7453125 0.03738242280870363 0.034375
0 0.1893964587659709 0.69140625 0.027050515551388887 0.0234375
0 0.21077388129185062 0.65 0.024335618661666558 0.028125
0 0.24780498958592467 0.6625 0.02121061866166656 0.028125
0 0.2642501958064802 0.671875 0.020331623845462853 0.0359375
0 0.2579325538177303 0.60859375 0.02175742280870363 0.034375
0 0.2892980054201374 0.76171875 0.02718721658814811 0.025
0 0.2794636756369429 0.7921875 0.03031221658814811 0.025