0 0.26213780553127236 0.8804132078151016 0.08184996369925476 0.10690927956950454
0 0.7039894831261736 0.8244095343225062 0.07082156010845857 0.09077485731976367
0 0.6089587842576417 0.7715327832890491 0.051962475799503235 0.07115156203449331
0 0.34236670277735676 0.6567445754739474 0.04563975292686617 0.058360463606069855
0 0.10051100088376277 0.5884332613725396 0.048782933645025485 0.061631012820281585
0 0.9457689587292851 0.6371793238168084 0.030105656517662283 0.07325771753501123
0 0.8817382749860638 0.6287268149254682 0.03782725292686635 0.05799659057054072
0 0.8463189254536019 0.5379904989620334 0.0441317950813442 0.067662688998964
0 0.7847456211988758 0.5101159019813521 0.03465680113146803 0.05003854135632881
0 0.055470169894457064 0.8082705723735755 0.04892837939029935 0.08663101282028159
0 0.3077740550402931 0.5582321468140656 0.03466589149054773 0.051601041356328814
0 0.10163470199178981 0.12664173676543364 0.031504530054229284 0.04520549214211718
0 0.25461269360397454 0.5620078101724665 0.031477258976990365 0.040517992142117085
0 0.2618080909482548 0.3997989086008899 0.031486349336070064 0.042080492142117086
0 0.2952700307416004 0.4240198126536658 0.03466589149054773 0.051601041356328994
0 0.2970688800776704 0.3834675872607717 0.03769998789975162 0.03612159057054063
0 0.35944616023009557 0.407472321545006 0.033048849336070066 0.04215326674922295
0 0.404553606269957 0.5791504224546288 0.04247839149054773 0.05196491439185813
0 0.38444563934924847 0.5430481025622527 0.04411361436318471 0.06453768899896399
0 0.428069416083828 0.2981380169541108 0.031486349336070064 0.042080492142117086
0 0.49280460265571974 0.18549677584545093 0.025254530054229285 0.044914393713693726
0 0.5056666543763632 0.5268131346129566 0.0441136143631848 0.06453768899896417
0 0.5744762625912277 0.3854475800220614 0.03302157825883114 0.03746576674922295
0 0.5578478196746242 0.2885533093438969 0.03457498789975162 0.035976041356328814
0 0.5999398709042882 0.3069244737357551 0.031486349336070064 0.042080492142117176
0 0.5941393227978822 0.3637010126108846 0.03145907825883114 0.03739299214211709
0 0.6290455879231927 0.40830719127076637 0.040952252926866176 0.058142139784752266
0 0.6934120940715127 0.4933585874656595 0.03942611436318479 0.0643193651776464
0 0.7303126512531051 0.4638187907326471 0.034638620413308986 0.04691354135632882
0 0.7062438921779188 0.43690953432250634 0.040879530054229285 0.04564213978475227
0 0.6750307744950843 0.29479265487683626 0.034665891490547905 0.051601041356328904
0 0.7176495456705191 0.3569502065722473 0.06925906010845857 0.09070208271265771
0 0.6986359252572102 0.4013894112869771 0.031386355386194255 0.024892992142117265
0 0.883510374125742 0.4584507022290212 0.05029089149054755 0.052328787427387446
0 0.9040137716664141 0.4265842721213973 0.02530907220870695 0.05428939371369364
0 0.8673995607958297 0.4069053188544096 0.03152271077238851 0.048330492142117265
0 0.8250529795119362 0.4322841544625515 0.040924981849627076 0.05345463978475227
0 0.8151876210024842 0.38181111951636343 0.02836134933607006 0.04193494292790545
0 0.8386932986955813 0.37118398862295127 0.023601126463433174 0.02921661910658786
0 0.7944211239293504 0.3245786623204343 0.056595433645025395 0.0619948858558109
0 0.8848779522863774 0.35770583953257407 0.04700226502711473 0.02405823821317572
0 0.8797091841360049 0.3058886284077036 0.06923178903121965 0.0860145827126578
0 0.9408284913175973 0.277476838084832 0.04728406615858276 0.07249573821317572
0 0.9280466901861291 0.32533214122798515 0.043949987899751616 0.036412688998963993
0 0.9121040484991895 0.24488050785337362 0.03777271077238851 0.04862159057054054
0 0.9000540212736305 0.16695456099652678 0.04714771077238851 0.04905823821317572
0 0.7260620093697738 0.25418907960777665 0.04713862041330898 0.04749573821317572
0 0.7491722564429077 0.31153069871436445 0.03936248184962743 0.053381865177646405
0 0.8439898527539157 0.2667148124442688 0.04252384328594587 0.05977741439185813
0 0.8151063286516147 0.2614622322128105 0.02996021077238851 0.04825771753501131
0 0.8498813044511178 0.19431327356913936 0.050390885440423715 0.06951628742738744
0 0.7969472019917898 0.1590264369275402 0.04238748789975162 0.03633991439185813
0 0.730440958041914 0.17312101612554126 0.03310339149054773 0.05152826674922304
0 0.6922733375304093 0.15180678825144775 0.03615566861791084 0.03917381596343472
0 0.8186722110669761 0.1858265314270222 0.01897725897699054 0.03993579528527027
0 0.8873222171171005 0.20621611413967994 0.028452252926866352 0.05755994292790545