0 0.3509955133278352 0.1912944252864567 0.029670779625171128 0.05345226400381797
0 0.21099865063313822 0.24137733597231947 0.01975021034569906 0.03459317600254534
0 0.7661922674844702 0.306034893897232 0.05888691818411544 0.09127952800763595
0 0.8410164227364622 0.3528366212205961 0.04656877461060631 0.09738407733927242
0 0.8934056368430848 0.35379004654682367 0.0431255258642473 0.0864102146721816
0 0.8794654381093612 0.8416173105506417 0.04611413354437914 0.08175907733927232
0 0.9527112664286846 0.889972447207233 0.09457746714263067 0.1948408800127268
0 0.8464219544066973 0.6997661652212324 0.047676633544379496 0.08177725867281786
0 0.9491976134196125 0.7134190378740058 0.04106292069139812 0.06920453333863605
0 0.9515437119285446 0.6328957438733694 0.06844377461060631 0.09763861600890866
0 0.11085756129540636 0.39884548531986425 0.012954641066226813 0.015770450668363623
0 0.11832908049573625 0.38703582865213704 0.016170569279472156 0.01893181333545444
0 0.1290619920159342 0.3798773093173189 0.013091033386094875 0.020457950668363624
0 0.14142559969606613 0.37504435864895536 0.01300010517284953 0.017332950668363534
0 0.14969274076229294 0.39057845198122815 0.012909176959604095 0.014207950668363533
0 0.16110761388183112 0.40685743264641 0.012954641066226813 0.015770450668363623
0 0.17283838723879613 0.5145699353119101 0.050909282132453625 0.03183180267345413
0 0.192247616784825 0.5370080093093648 0.04869356426490725 0.0630454400063634
0 0.14407454123714664 0.5735182213160462 0.0487844924781526 0.0661704400063634
0 0.18475937720966623 0.6019608473106375 0.050710705331134066 0.07868862133990877
0 0.18919447611430956 0.6738085753103192 0.05061977711788872 0.07556362133990877
0 0.13982496192854463 0.642340946650228 0.06146634890464333 0.07256589067472703
0 0.10717994648913842 0.6216199139879096 0.04896634890464333 0.07242044000636341
0 0.1034986685133199 0.7099738893220915 0.04946645407749282 0.0896079400063634
0 0.1455725082467632 0.7055767433163644 0.06669941818411554 0.0913704346753633
0 0.5134931648189032 0.26989958859804863 0.017079851411925872 0.05018181333545453
0 0.5331153430321486 0.2727973219287305 0.023193459092057722 0.04556703866963616
0 0.5529193776718847 0.2819450552594125 0.02600021034569906 0.03466590133672716
0 0.5728825366848002 0.29656153859009443 0.019841138558944316 0.037718176002545345
0 0.5886439290046681 0.30106722525463997 0.022920674452321776 0.03619203866963625
0 0.6151836969513569 0.29997689258436744 0.01975021034569906 0.03459317600254534
0 0.5001126264182434 0.29350072059995763 0.019977530878812468 0.04240567600254534
0 0.48905310596427237 0.31629333060154846 0.02025031551854859 0.05178067600254525
0 0.4789734123116208 0.2921836686028211 0.020022994985435007 0.04396817600254525
0 0.4640531059642724 0.31658423193827556 0.023147994985435006 0.04400453866963616
0 0.44937684052486604 0.2956541139401846 0.02305706677218957 0.04087953866963625
0 0.42568092775102695 0.31390467461013893 0.02305706677218975 0.04087953866963625
0 0.403229266230829 0.3211995539465479 0.02323892319868044 0.047129538669636165
0 0.522555927751027 0.31277743193032137 0.020022994985435007 0.043968176002545344
0 0.6258400521242062 0.31704621391632204 0.011710389812585476 0.02668976933481808
0 0.6393031585506971 0.32314167258118576 0.016534282132453625 0.03143181333545444
0 0.6588344085506971 0.3229144059118677 0.026227530878812466 0.04247840133672707
0 0.6806783163099712 0.3484502079090042 0.026363923198680438 0.047165901336727066
0 0.6948999406831506 0.3537553259070952 0.01975021034569906 0.03459317600254534
0 0.6942921869222269 0.38658600724064063 0.026272994985435005 0.04404090133672715
0 0.7136415804957362 0.38010874057132255 0.02305706677218975 0.04087953866963616
0 0.6544795291629527 0.36125929057927675 0.020068459092057723 0.045530676002545255
0 0.6346527624699053 0.3513303072485948 0.019932066772189748 0.04084317600254535
0 0.6116782637235465 0.3406564365850038 0.02310253087881229 0.04244203866963616
0 0.5882634957768579 0.3417104065881854 0.02305706677218957 0.04087953866963625
0 0.5674054264973857 0.3231967639242762 0.024528638558944316 0.0377727200031817
0 0.5467064815910929 0.310151871260367 0.02310253087881229 0.04244203866963625
0 0.5063231739901033 0.3457899265993213 0.018596887305303157 0.048637494668999894
0 0.5094338021242064 0.31840072326545765 0.016761602665567032 0.03924431333545444
0 0.4817323509497074 0.3601433279360484 0.023329851411925874 0.05025453866963616
0 0.4630960112162641 0.3642677539385938 0.026363923198680438 0.047165901336727066
0 0.4445362278301692 0.34416433927436635 0.018460494985435005 0.04394999466899989
0 0.4391273138026889 0.37314331460854816 0.02029577962517113 0.053343176002545255
0 0.4215761009497074 0.36084330927754804 0.023466243731793845 0.054942038669636165
0 0.3910618868430847 0.35963534528168417 0.029034282132453626 0.031577264003817974
0 0.37005906505633007 0.36300579328454774 0.02292067445232169 0.03619203866963616
0 0.35098245612255685 0.37885805995386573 0.02480142319868044 0.0471477200031817
0 0.33257343692222696 0.3907949859564111 0.02154003087881238 0.042423857336090796
0 0.3208917908414352 0.41906543662477463 0.024892351411925872 0.050272720003181705
0 0.30761054084143524 0.41921997795991095 0.025954746239076343 0.03310340133672707
0 0.3182812678801817 0.46364213995863823 0.02323892319868044 0.047129538669636165
0 0.2942898384132951 0.4717364506285927 0.026363923198680438 0.047165901336727246
0 0.27521322947952187 0.4875887172979107 0.02287521034569906 0.03462953866963616
0 0.2701907603583343 0.5298489426320925 0.027608174452321686 0.036246582670272434
0 0.2900940833987301 0.5155500852960018 0.020204851411925785 0.05021817600254543
0 0.30997467438581466 0.5004699779599109 0.024346782132453625 0.0315227200031817
0 0.30854020651826825 0.531747249960229 0.02930706677218975 0.040952264003817976
0 0.32857992187853224 0.5221358926241383 0.019886602665567032 0.03928067600254544
0 0.3392757294795219 0.4868432826225474 0.02305706677218975 0.04087953866963616
0 0.3547272332404455 0.45383987862032027 0.02163095909205772 0.0455488573360908
0 0.3439033935070023 0.4578733979551384 0.023193459092057722 0.04556703866963616
0 0.34423836262818985 0.415667716621593 0.022784282132453627 0.031504538669636165
0 0.36588604209507647 0.40760067795195676 0.02323892319868044 0.047129538669636165
0 0.383491079242095 0.3948915926161841 0.024710494985435004 0.044022720003181706
0 0.4031814536152744 0.40013307594686615 0.02323892319868044 0.047129538669636165
0 0.421854897267926 0.42414274061109347 0.024710494985435004 0.044022720003181706
0 0.44347984468150126 0.41529445194145725 0.017170779625171127 0.05330681333545453
0 0.4568520228947466 0.4182649106063209 0.017170779625171127 0.05330681333545453
0 0.47254521905468055 0.4204268472708665 0.018233174452321775 0.03613749466899989
0 0.476693161453691 0.4555467346037757 0.025954746239076343 0.03310340133672725
0 0.4961274715619631 0.3982700366009121 0.02011392319868044 0.047093176002545256
0 0.4854998601209074 0.43590639660250297 0.018142246239076343 0.033012494668999894
0 0.5109257574553403 0.39653481393223033 0.01841503087881229 0.042387494668999895
0 0.5262636009497074 0.3596251599300032 0.02600021034569906 0.03466590133672707
0 0.5279086689755383 0.3893035692632305 0.01993206677218957 0.04084317600254535
0 0.5523403676427548 0.3694814179265034 0.024710494985435004 0.044022720003181706
0 0.5645675830030188 0.35996096725813986 0.02631845909205772 0.045603401336727065
0 0.5841586689755383 0.3886490412555945 0.02163095909205772 0.0455488573360908
0 0.5665536318285198 0.4013581265913671 0.018642351411925873 0.050199994668999895
0 0.5455735420950765 0.4055098245942306 0.020022994985435007 0.043968176002545434
0 0.521991289587794 0.427666635264185 0.019568353919208192 0.028343176002545434
0 0.5020197703874641 0.43962174260027587 0.020068459092057723 0.045530676002545435
0 0.6092268651354724 0.39070188991886734 0.023147994985435006 0.04400453866963616
0 0.6283405779884538 0.40298371391632204 0.026182066772189573 0.04091590133672707
0 0.6482128087881239 0.414475197247004 0.024755959092057724 0.0455852200031817
0 0.6627526819076621 0.430717815245095 0.02020485141192587 0.05021817600254543
0 0.6737667382550105 0.40636270524350415 0.01680706677218957 0.04080681333545435
0 0.6817981986007094 0.44065588924254956 0.02631845909205772 0.045603401336727245
0 0.6964373601209074 0.4334519165738679 0.029397994985435005 0.04407726400381797
0 0.7147554511079919 0.41838999057132253 0.021130853919208194 0.028361357336090798
0 0.7334372549480579 0.4158280645687772 0.024892351411925872 0.050272720003181705
0 0.7477498075344827 0.4242581825668682 0.02480142319868044 0.0471477200031817
0 0.7703749652937569 0.449784893897232 0.021358174452321597 0.0361738573360908
0 0.7600284986798518 0.47022466323205014 0.021403638558944317 0.0377363573360908
0 0.7388438204666065 0.4673451112349136 0.01993206677218957 0.04084317600254543
0 0.7120312678801817 0.45906044390518624 0.026272994985435005 0.044040901336727244
0 0.7805683192129652 0.47780080589595936 0.025954746239076343 0.03310340133672707
0 0.7689776013454188 0.5091962565643229 0.021449102665567033 0.0392988573360908
0 0.7893810295586642 0.5120848992282321 0.027653638558944493 0.03780908267027243
0 0.7951225641984002 0.521396264560823 0.026045674452321598 0.03622840133672707
0 0.8092221681176085 0.5493667232256868 0.022966138558944492 0.03775453866963616
0 0.2586455065974106 0.5628068933004561 0.02305706677218975 0.04087953866963616
0 0.2820375424907879 0.5609716732972745 0.020159387305303155 0.04865567600254543
0 0.301909773290458 0.5724631566279563 0.026363923198680438 0.047165901336727066
0 0.29512021568946833 0.6077103132956836 0.019977530878812377 0.04240567600254543
0 0.2759155746232415 0.5923034892982288 0.022966138558944315 0.03775453866963616
0 0.2575065554229116 0.6042404153007743 0.02430131802583091 0.029960220003181704
0 0.24669708755536526 0.635626775302365 0.021267246239076342 0.033048857336090795
0 0.24319165432755496 0.6763063193030014 0.01662521034569897 0.03455681333545435
0 0.24485945440669724 0.7067659786362286 0.022693353919208282 0.028379538669636162
0 0.22978002368616943 0.7256977919716832 0.019977530878812468 0.04240567600254543
0 0.24900739680570755 0.7418858659691379 0.018415030878812376 0.042387494668999895
0 0.2373257507249158 0.7701563166375014 0.022829746239076344 0.03306703866963616
0 0.2265162828573694 0.8015426766390922 0.022966138558944315 0.03775453866963616
0 0.2685159147523962 0.7408773492998197 0.021267246239076342 0.033048857336090795
0 0.25931675950040445 0.6933120059675468 0.019841138558944316 0.037718176002545435
0 0.2591205312080168 0.6597091653007743 0.030778638558944315 0.03784544533736352
0 0.3763294486007095 0.44421033995068415 0.026000210345698972 0.03466590133672724
0 0.3950339844940868 0.4424296639481387 0.03417642319868044 0.04725680800445424
0 0.4166960358268703 0.4617154659452753 0.02581835391920819 0.028415901336727244
0 0.43471024993349305 0.46306888060950263 0.021403638558944494 0.0377363573360908
0 0.455159142253361 0.46752002327341186 0.02269335391920819 0.028379538669636162
0 0.47664769734706824 0.4539842346037757 0.025954746239076343 0.03310340133672725
0 0.5064632294795219 0.48489787993318495 0.01975021034569906 0.03459317600254543
0 0.5201225641984003 0.5245961792648213 0.020022994985435007 0.043968176002545434
0 0.48534674742621053 0.48436207793604835 0.019841138558944316 0.037718176002545435
0 0.465329764119258 0.4947546852721391 0.016897994985435004 0.04393181333545435
0 0.447429210279192 0.4973075206079118 0.019841138558944316 0.037718176002545435
0 0.4280116205457487 0.5014410372772298 0.019932066772189748 0.04084317600254543
0 0.40898047571859814 0.518855803946548 0.02167642319868044 0.0471113573360908
0 0.3945398909997198 0.47916659528168426 0.023102530878812377 0.04244203866963616
0 0.381091156439126 0.5004239772835932 0.02149456677218975 0.040861357336090795
0 0.3596935295586642 0.5170847659532294 0.019704746239076344 0.03303067600254543
0 0.36560254875899406 0.5052932906190476 0.019841138558944316 0.037718176002545435
0 0.35313965267820235 0.5335728319541839 0.02305706677218975 0.04087953866963616
0 0.3350943463308539 0.5580097579567292 0.019841138558944316 0.037718176002545435
0 0.32658316435668483 0.587806345958002 0.019932066772189748 0.04084317600254543
0 0.3194298939027137 0.6105535026257292 0.024528638558944316 0.0377727200031817
0 0.3169868555020539 0.63402736529282 0.026091138558944314 0.037790901336727245
0 0.30245299406099824 0.6717091786282745 0.019841138558944316 0.037718176002545435
0 0.28070602619345186 0.7032228079646835 0.02011392319868044 0.04709317600254544
0 0.30336227619345185 0.7029591786282745 0.02581835391920819 0.028415901336727244
0 0.2684811593421199 0.6322472366327287 0.019477425705962937 0.025218176002545434
0 0.2825125671013941 0.6578739452975926 0.019659282132453625 0.03146817600254544
0 0.39421929374442916 0.5487251172820024 0.02480142319868044 0.0471477200031817
0 0.3806341668639673 0.5652949992839114 0.016716138558944316 0.03768181333545435
0 0.2888163913954312 0.632792129296638 0.024528638558944316 0.0377727200031817
0 0.3689154168639673 0.5654313592855023 0.023193459092057722 0.04556703866963616
0 0.3554439502500621 0.5859074912874112 0.023329851411925874 0.05025453866963616
0 0.34952657086231775 0.6242705572883657 0.02461956677218975 0.0408977200031817
0 0.3424642286215921 0.6501427139560929 0.02305706677218975 0.04087953866963616
0 0.33062345816762095 0.6729444146244565 0.022693353919208282 0.028379538669636162
0 0.32978838387358383 0.6979625959580019 0.022693353919208282 0.028379538669636162
0 0.3546830837944416 0.6671938539545021 0.026363923198680438 0.047165901336727066
0 0.35490204414014054 0.7015779446212749 0.026136602665567034 0.039353401336727246
0 0.5343920011871341 0.4509677752625942 0.023193459092057722 0.04556703866963616
0 0.516809696093427 0.46445811059836684 0.01662521034569906 0.03455681333545435
0 0.5318496743858147 0.49788822859645776 0.029307066772189572 0.040952264003817976
0 0.5366424744649569 0.5283115252625942 0.016534282132453625 0.03143181333545435
0 0.5584576384924373 0.49914164592618526 0.02323892319868044 0.047129538669636165
0 0.5607044486007094 0.4420649425923216 0.02269335391920819 0.028379538669636162
0 0.5665823755603137 0.4560638079249125 0.02287521034569906 0.03462953866963616
0 0.587903446093427 0.463630859922049 0.019932066772189748 0.04084317600254543
0 0.6001390216411053 0.4275388185869128 0.016897994985435004 0.043931813335454525
0 0.581366289587794 0.42697574458945803 0.019659282132453625 0.03146817600254544
0 0.6176447703874641 0.4382763239179129 0.022829746239076344 0.03306703866963616
0 0.6117046589464085 0.4758581399188674 0.01836956677218975 0.040824994668999894
0 0.6049605654520415 0.5126677965865947 0.019795674452321776 0.036155676002545434
0 0.5841252282258806 0.4949354039226854 0.02149456677218975 0.04086135733609062
0 0.5631056860642971 0.5514490332590943 0.019795674452321776 0.036155676002545434
0 0.583722062944759 0.5347973352562307 0.021221782132453626 0.0314863573360908
0 0.5977307386507219 0.5596427939210946 0.019841138558944316 0.037718176002545435
0 0.6145090616911177 0.5453802992520946 0.021039925705962935 0.0252363573360908
0 0.6366819268930971 0.4747859885821402 0.02011392319868044 0.04709317600254544
0 0.654514284573229 0.46988940324636774 0.02011392319868044 0.04709317600254544
0 0.6691223538527012 0.4884757712444586 0.026091138558944495 0.037790901336727065
0 0.687986014119258 0.4921638452419133 0.028943353919208194 0.02845226400381797
0 0.7215343000126353 0.4902104465706863 0.02618206677218975 0.04091590133672725
0 0.7053697424116455 0.5255666912396861 0.01993206677218957 0.04084317600254543
0 0.7237931334778723 0.5409826059039136 0.02305706677218957 0.04087953866963616
0 0.7401168154520414 0.5110951112349136 0.03068771034569906 0.034720445337363515
0 0.7487931334778725 0.5406917045671864 0.023193459092057722 0.04556703866963616
0 0.7689776013454188 0.5091962565643229 0.02301160266556703 0.039317038669636165
0 0.786861434810656 0.5597866025620958 0.021358174452321778 0.03617385733609062
0 0.7685744360642971 0.5490581878978683 0.01818771034569906 0.034574994668999895
0 0.8249979323033735 0.581225250557005 0.01662521034569906 0.03455681333545435
0 0.8284555529156291 0.6194792285566869 0.022829746239076344 0.03306703866963616
0 0.8103193183550352 0.6407911545592322 0.012028638558944493 0.03762726933481808
0 0.8334984055811961 0.6584962752228233 0.019659282132453625 0.03146817600254544
0 0.8157713479802066 0.6938707012253686 0.021540030878812642 0.042423857336090796
0 0.8105633592629775 0.5954604732256868 0.016807066772189926 0.04080681333545435
0 0.7922680003292044 0.6113036492282321 0.02480142319868044 0.0471477200031817
0 0.7866688696878189 0.6606042152291866 0.02149456677218975 0.040861357336090795
0 0.7711144143566848 0.5826337565643229 0.019886602665567032 0.03928067600254544
0 0.4980429757185981 0.5178194679344574 0.02011392319868044 0.04709317600254544
0 0.47064540142456107 0.5431467319382757 0.01657974623907634 0.03299431333545435
0 0.48153743731793835 0.5414569626034573 0.019841138558944316 0.037718176002545435
0 0.4552166297169487 0.5769313859405028 0.019568353919208192 0.028343176002545434
0 0.45169081294475893 0.5363336579408209 0.02935253087881229 0.04251476400381797
0 0.42209424115800437 0.5398041032781844 0.017261707838416563 0.05643181333545435
0 0.4363302373970807 0.572462061943048 0.020022994985435007 0.043968176002545434
0 0.40413150283648686 0.5939376199475024 0.023147994985435006 0.04400453866963616
0 0.4227451105166189 0.5890319439449571 0.032704851411925875 0.05036362667090888
0 0.4118901785424498 0.6188558039465478 0.01680706677218957 0.04080681333545435
0 0.3976147298752333 0.6385597766152296 0.02149456677218966 0.04086135733609062
0 0.3770605374762229 0.6036307932845476 0.02287521034569897 0.03462953866963616
0 0.37013458755536527 0.634190449952275 0.01698892319868044 0.04705681333545435
0 0.38848978246165805 0.6472626146165024 0.023193459092057812 0.04556703866963616
0 0.38427129539378174 0.6902949992839114 0.029397994985435005 0.04407726400381797
0 0.3902999865391509 0.7363342052832751 0.020022994985435093 0.043968176002545434
0 0.3742658095795467 0.7224535186187294 0.010102425705962936 0.02510908800127254
0 0.6259633872387961 0.5092973485837311 0.022966138558944315 0.03775453866963616
0 0.6582219577719096 0.5167371312460494 0.02600021034569906 0.03466590133672724
0 0.6314010449980703 0.5350240545830948 0.01800585391920819 0.028324994668999893
0 0.6138558438235714 0.57664848058564 0.016534282132453625 0.03143181333545435
0 0.6302166297169487 0.5748950765834129 0.02167642319868044 0.0471113573360908
0 0.6442253054229117 0.5997405352482768 0.020068459092057723 0.045530676002545435
0 0.6543049990755632 0.623850197247004 0.02305706677218957 0.04087953866963616
0 0.6475943463308539 0.5543734912476402 0.019841138558944493 0.037718176002545435
0 0.6760004911580044 0.5368496365770495 0.027699102665567032 0.03937158267027243
0 0.6653728797169487 0.5744859965786404 0.02269335391920819 0.028379538669636162
0 0.6771060015828457 0.6017024772438223 0.01800585391920819 0.028324994668999893
0 0.6734558158477529 0.6642661119112313 0.02310253087881229 0.04244203866963616
0 0.6884155746232414 0.5875036172422314 0.02269335391920819 0.028379538669636162
0 0.6897136501709198 0.5515388452419133 0.016534282132453625 0.03143181333545435
0 0.7088273630239013 0.5638206692393679 0.019886602665567032 0.039280676002545256
0 0.7328786284633074 0.5846416992361864 0.019886602665567032 0.03928067600254544
0 0.714696929796091 0.6043911252387316 0.020068459092057723 0.045530676002545435
0 0.6933902311288745 0.6241769139083678 0.02020485141192587 0.05021817600254526
0 0.6893452403000746 0.7000308892425495 0.02305706677218975 0.04087953866963616
0 0.7023908095795467 0.7186354385741861 0.02305706677218975 0.04087953866963616
0 0.7130495132613281 0.6552087379058225 0.025954746239076343 0.03310340133672707
0 0.729555051661988 0.6315712432368226 0.020295779625171307 0.053343176002545435
0 0.7514384118494023 0.6047451139004136 0.029216138558944317 0.03782726400381797
0 0.7693306055020539 0.6287638692314138 0.022966138558944315 0.03775453866963616
0 0.7650439222742437 0.6694525038988228 0.01993206677218957 0.04084317600254543
0 0.7486687645149693 0.6438530672342774 0.022784282132453627 0.031504538669636165
0 0.7458309210206024 0.6806172705681408 0.022966138558944315 0.03775453866963616
0 0.724578046647423 0.6753939685710044 0.022920674452321776 0.03619203866963616
0 0.7264277031530559 0.7121036279042317 0.02600021034569906 0.03466590133672724
0 0.7105359301918024 0.7568348725732316 0.022784282132453627 0.031504538669636165
0 0.7356950545649819 0.7620127212365044 0.026363923198680438 0.047165901336727246
0 0.7517914160060375 0.7243127265675046 0.01993206677218957 0.04084317600254543
0 0.760376805818623 0.7507843198997775 0.02337531551854859 0.05181703866963616
0 0.7650893863808663 0.6710150038988228 0.016897994985435004 0.04393181333545435
0 0.7761776505666311 0.7029280752307774 0.02443771034569906 0.034647720003181705
0 0.7813090829365118 0.8255661438972319 0.016897994985435004 0.04393181333545435
0 0.7571441572305488 0.8008388639004137 0.02480142319868044 0.0471477200031817
0 0.7841863788590189 0.7364400092298229 0.02461956677218975 0.0408977200031817
0 0.7941918646732539 0.7042814898950048 0.020022994985435007 0.043968176002545434
0 0.8092318429656415 0.7377116078930959 0.02323892319868044 0.047129538669636165
0 0.8240528609123302 0.7367576352244141 0.02305706677218957 0.04087953866963616
0 0.8496809982176334 0.7849133245544597 0.025954746239076343 0.03310340133672707
0 0.8286554443775674 0.7875025225573232 0.018642351411925516 0.050199994668999895
0 0.7789593212580292 0.7716689845640048 0.01975021034569906 0.03459317600254543
0 0.8015473750980953 0.7690616052275958 0.02728992570596276 0.02530908267027243
0 0.7897520687507468 0.7934258058959593 0.02260242570596276 0.02525453866963634
0 0.8115816046441241 0.7916087672263231 0.024755959092057724 0.0455852200031817
0 0.8022209765100211 0.8190706958943684 0.031005959092057722 0.04565794533736352
0 0.8205534393630025 0.8313616105585959 0.019659282132453625 0.03146817600254544
0 0.8494847699252457 0.7513104838876871 0.022784282132453627 0.031504538669636165
0 0.7029985633404705 0.6858047572406406 0.021221782132453626 0.03148635733609062
0 0.39536322274909735 0.8566285239497298 0.3674676109788372 0.28230670671545255
0 0.6763093458686354 0.8697712245783222 0.22427990063313813 0.24627720536281678
0 0.1991889724198929 0.23838869597391027 0.01644335391920828 0.02830681333545444
0 0.1931124686589692 0.27128301197486476 0.016897994985435094 0.043931813335454525
0 0.2384189569804867 0.21683132196850147 0.011664925705962937 0.02512726933481808
0 0.2238025275136001 0.22481654463718317 0.019932066772189748 0.04084317600254535
0 0.24240777500631766 0.24648245930141055 0.016716138558944316 0.03768181333545444
0 0.2079107545523465 0.26954778930618306 0.013591138558944315 0.037645450668363535
0 0.21042800079142285 0.3023421079726376 0.016716138558944316 0.03768181333545444
0 0.22068353919208258 0.2787773386378195 0.01975021034569897 0.03459317600254534
0 0.2295584340192331 0.26148075063654685 0.013500210345698972 0.03452045066836362
0 0.24322612892552592 0.27460745930141056 0.017823997492717503 0.02207499466899989
0 0.2538142879384414 0.28933303063336513 0.014698997492717502 0.022038632001908986
0 0.23448762641824344 0.2965915473026832 0.01975021034569897 0.03459317600254534
0 0.24380880212420636 0.3214915499681833 0.022738818025830908 0.02994203866963625
0 0.22418662391096097 0.31859381663750136 0.016670674452321687 0.03611931333545444