0 0.3453125 0.1953125 0.02890625 0.053125
0 0.20390625 0.24375 0.01953125 0.03359375
0 0.75703125 0.31484375 0.05625 0.09140625
0 0.83046875 0.3625 0.04296875 0.096875
0 0.8828125 0.3640625 0.040625 0.0859375
0 0.8546875 0.8515625 0.04375 0.08125
0 0.92890625 0.90078125 0.09453125 0.19453125
0 0.82578125 0.709375 0.0453125 0.08046875
0 0.928125 0.72421875 0.0390625 0.06953125
0 0.9328125 0.64375 0.065625 0.096875
0 0.09921875 0.4 0.0125 0.01484375
0 0.10703125 0.38828125 0.015625 0.01796875
0 0.11796875 0.38125 0.0125 0.0203125
0 0.13046875 0.3765625 0.0125 0.0171875
0 0.13828125 0.3921875 0.01171875 0.0140625
0 0.14921875 0.40859375 0.0125 0.015625
0 0.1578125 0.51640625 0.04921875 0.03125
0 0.1765625 0.5390625 0.046875 0.0625
0 0.12734375 0.575 0.04765625 0.06484375
0 0.1671875 0.60390625 0.0484375 0.078125
0 0.16953125 0.67578125 0.0484375 0.07578125
0 0.12109375 0.64375 0.06015625 0.071875
0 0.0890625 0.62265625 0.046875 0.071875
0 0.0828125 0.7109375 0.04765625 0.0890625
0 0.125 0.70703125 0.0640625 0.090625
0 0.50546875 0.27578125 0.015625 0.05078125
0 0.525 0.27890625 0.02109375 0.0453125
0 0.54453125 0.28828125 0.02578125 0.03359375
0 0.5640625 0.303125 0.01796875 0.0375
0 0.5796875 0.3078125 0.02265625 0.0359375
0 0.60625 0.30703125 0.01953125 0.034375
0 0.49140625 0.29921875 0.01875 0.0421875
0 0.4796875 0.321875 0.01875 0.0515625
0 0.4703125 0.29765625 0.01953125 0.04375
0 0.4546875 0.321875 0.02109375 0.04296875
0 0.440625 0.30078125 0.021875 0.04140625
0 0.41640625 0.31875 0.02109375 0.04140625
0 0.39375 0.32578125 0.021875 0.046875
0 0.51328125 0.31875 0.01953125 0.04375
0 0.61640625 0.32421875 0.0109375 0.0265625
0 0.6296875 0.33046875 0.01640625 0.03046875
0 0.64921875 0.33046875 0.025 0.0421875
0 0.6703125 0.35625 0.025 0.046875
0 0.684375 0.36171875 0.01953125 0.03515625
0 0.6828125 0.39453125 0.02421875 0.04375
0 0.70234375 0.38828125 0.021875 0.040625
0 0.64375 0.36875 0.01875 0.0453125
0 0.62421875 0.35859375 0.01953125 0.040625
0 0.6015625 0.34765625 0.02265625 0.0421875
0 0.578125 0.3484375 0.02265625 0.04140625
0 0.5578125 0.3296875 0.0234375 0.03828125
0 0.5375 0.31640625 0.02265625 0.0421875
0 0.49609375 0.3515625 0.0171875 0.0484375
0 0.5 0.32421875 0.01640625 0.0390625
0 0.47109375 0.365625 0.02265625 0.05
0 0.45234375 0.36953125 0.025 0.04609375
0 0.434375 0.34921875 0.0171875 0.04453125
0 0.428125 0.378125 0.01953125 0.05390625
0 0.4109375 0.365625 0.021875 0.0546875
0 0.38046875 0.3640625 0.02890625 0.03203125
0 0.359375 0.3671875 0.02109375 0.0359375
0 0.33984375 0.3828125 0.0234375 0.046875
0 0.32109375 0.39453125 0.0203125 0.0421875
0 0.30859375 0.42265625 0.0234375 0.04921875
0 0.2953125 0.42265625 0.02421875 0.0328125
0 0.3046875 0.4671875 0.02109375 0.046875
0 0.28046875 0.475 0.025 0.046875
0 0.2609375 0.490625 0.021875 0.034375
0 0.2546875 0.5328125 0.0265625 0.0359375
0 0.275 0.51875 0.01875 0.05
0 0.2953125 0.50390625 0.0234375 0.03125
0 0.29296875 0.53515625 0.02734375 0.03984375
0 0.31328125 0.52578125 0.01953125 0.0390625
0 0.325 0.490625 0.021875 0.04140625
0 0.34140625 0.4578125 0.0203125 0.0453125
0 0.33046875 0.46171875 0.02109375 0.0453125
0 0.33203125 0.41953125 0.021875 0.03125
0 0.35390625 0.41171875 0.02109375 0.04609375
0 0.371875 0.39921875 0.0234375 0.04296875
0 0.39140625 0.4046875 0.02109375 0.046875
0 0.409375 0.42890625 0.0234375 0.04296875
0 0.43125 0.4203125 0.01640625 0.05234375
0 0.44453125 0.4234375 0.015625 0.053125
0 0.46015625 0.42578125 0.0171875 0.0359375
0 0.46328125 0.4609375 0.02421875 0.0328125
0 0.484375 0.40390625 0.01953125 0.04609375
0 0.47265625 0.44140625 0.0171875 0.0328125
0 0.49921875 0.40234375 0.0171875 0.0421875
0 0.515625 0.365625 0.02421875 0.03359375
0 0.51640625 0.3953125 0.01953125 0.040625
0 0.54140625 0.37578125 0.0234375 0.04375
0 0.55390625 0.36640625 0.02421875 0.0453125
0 0.57265625 0.3953125 0.0203125 0.0453125
0 0.5546875 0.4078125 0.0171875 0.04921875
0 0.53359375 0.41171875 0.01953125 0.04296875
0 0.509375 0.43359375 0.01875 0.02890625
0 0.4890625 0.4453125 0.01796875 0.0453125
0 0.59765625 0.39765625 0.021875 0.04375
0 0.61640625 0.41015625 0.02578125 0.04140625
0 0.6359375 0.421875 0.0234375 0.0453125
0 0.65 0.43828125 0.01796875 0.04921875
0 0.66171875 0.4140625 0.015625 0.04140625
0 0.66875 0.4484375 0.02421875 0.0453125
0 0.68359375 0.44140625 0.02890625 0.04375
0 0.70234375 0.4265625 0.0203125 0.02890625
0 0.72109375 0.42421875 0.0234375 0.05078125
0 0.73515625 0.4328125 0.0234375 0.04609375
0 0.75703125 0.45859375 0.0203125 0.0359375
0 0.74609375 0.47890625 0.0203125 0.03671875
0 0.725 0.47578125 0.01875 0.040625
0 0.6984375 0.4671875 0.02421875 0.04375
0 0.76640625 0.48671875 0.025 0.0328125
0 0.75390625 0.51796875 0.0203125 0.0390625
0 0.77421875 0.52109375 0.0265625 0.03828125
0 0.7796875 0.53046875 0.02421875 0.0359375
0 0.79296875 0.55859375 0.02265625 0.03828125
0 0.2421875 0.565625 0.02265625 0.04140625
0 0.265625 0.5640625 0.01953125 0.0484375
0 0.28515625 0.57578125 0.025 0.04609375
0 0.27734375 0.6109375 0.01875 0.0421875
0 0.25859375 0.5953125 0.021875 0.03828125
0 0.23984375 0.60703125 0.0234375 0.0296875
0 0.228125 0.63828125 0.0203125 0.0328125
0 0.2234375 0.67890625 0.015625 0.03515625
0 0.22421875 0.709375 0.021875 0.02734375
0 0.20859375 0.728125 0.01875 0.0421875
0 0.22734375 0.74453125 0.0171875 0.0421875
0 0.21484375 0.77265625 0.02109375 0.0328125
0 0.203125 0.80390625 0.02265625 0.0375
0 0.246875 0.74375 0.0203125 0.0328125
0 0.2390625 0.69609375 0.01953125 0.03828125
0 0.23984375 0.6625 0.0296875 0.0375
0 0.36328125 0.4484375 0.025 0.03359375
0 0.38203125 0.446875 0.0328125 0.04609375
0 0.403125 0.46640625 0.02421875 0.02890625
0 0.42109375 0.46796875 0.0203125 0.03828125
0 0.44140625 0.47265625 0.02109375 0.02890625
0 0.46328125 0.459375 0.02421875 0.0328125
0 0.4921875 0.490625 0.01953125 0.034375
0 0.5046875 0.53046875 0.01875 0.04296875
0 0.47109375 0.48984375 0.01953125 0.03828125
0 0.45078125 0.5 0.015625 0.04453125
0 0.4328125 0.50234375 0.01953125 0.0375
0 0.41328125 0.50625 0.01953125 0.03984375
0 0.39375 0.5234375 0.0203125 0.04609375
0 0.38046875 0.48359375 0.021875 0.0421875
0 0.36640625 0.5046875 0.0203125 0.04140625
0 0.34453125 0.52109375 0.01875 0.0328125
0 0.35078125 0.509375 0.01796875 0.03671875
0 0.3375 0.5375 0.02265625 0.03984375
0 0.31875 0.56171875 0.01953125 0.03828125
0 0.309375 0.59140625 0.01875 0.040625
0 0.3015625 0.6140625 0.0234375 0.03828125
0 0.2984375 0.6375 0.025 0.0375
0 0.2828125 0.675 0.01796875 0.03828125
0 0.26015625 0.70625 0.01875 0.04609375
0 0.2828125 0.70625 0.025 0.02890625
0 0.25 0.63515625 0.01875 0.02421875
0 0.26328125 0.6609375 0.01796875 0.03203125
0 0.378125 0.553125 0.0234375 0.04765625
0 0.3640625 0.56953125 0.01640625 0.0375
0 0.2703125 0.6359375 0.0234375 0.03671875
0 0.35234375 0.56953125 0.02265625 0.0453125
0 0.33828125 0.58984375 0.02265625 0.05078125
0 0.33125 0.628125 0.0234375 0.040625
0 0.3234375 0.65390625 0.021875 0.03984375
0 0.3109375 0.6765625 0.021875 0.02890625
0 0.309375 0.7015625 0.021875 0.02890625
0 0.33515625 0.67109375 0.025 0.04609375
0 0.334375 0.70546875 0.02421875 0.0390625
0 0.52109375 0.45703125 0.02109375 0.0453125
0 0.503125 0.4703125 0.01484375 0.03515625
0 0.5171875 0.50390625 0.02734375 0.040625
0 0.52109375 0.534375 0.015625 0.03046875
0 0.54375 0.50546875 0.02109375 0.04609375
0 0.54765625 0.4484375 0.02265625 0.02890625
0 0.553125 0.4625 0.02109375 0.03515625
0 0.57421875 0.4703125 0.01796875 0.040625
0 0.5875 0.434375 0.01640625 0.04375
0 0.56875 0.43359375 0.01796875 0.03046875
0 0.6046875 0.4453125 0.021875 0.0328125
0 0.59765625 0.4828125 0.0171875 0.04140625
0 0.58984375 0.51953125 0.01875 0.0359375
0 0.56953125 0.5015625 0.0203125 0.040625
0 0.546875 0.5578125 0.01875 0.0359375
0 0.56796875 0.54140625 0.0203125 0.03203125
0 0.58125 0.56640625 0.01875 0.03671875
0 0.5984375 0.55234375 0.0203125 0.025
0 0.62265625 0.48203125 0.01953125 0.04609375
0 0.640625 0.47734375 0.01796875 0.04609375
0 0.6546875 0.49609375 0.02421875 0.03671875
0 0.6734375 0.5 0.02734375 0.02890625
0 0.70703125 0.4984375 0.025 0.03984375
0 0.68984375 0.53359375 0.01953125 0.04140625
0 0.7078125 0.54921875 0.021875 0.040625
0 0.725 0.51953125 0.0296875 0.034375
0 0.7328125 0.54921875 0.02109375 0.0453125
0 0.75390625 0.51796875 0.02265625 0.0390625
0 0.7703125 0.56875 0.0203125 0.0359375
0 0.75234375 0.5578125 0.0171875 0.03359375
0 0.8078125 0.590625 0.01484375 0.034375
0 0.81015625 0.62890625 0.02109375 0.0328125
0 0.79140625 0.65 0.0109375 0.03671875
0 0.8140625 0.66796875 0.01953125 0.03203125
0 0.7953125 0.703125 0.0203125 0.0421875
0 0.79296875 0.6046875 0.01640625 0.04140625
0 0.77421875 0.6203125 0.0234375 0.04609375
0 0.7671875 0.66953125 0.0203125 0.040625
0 0.75390625 0.59140625 0.01953125 0.0390625
0 0.4828125 0.5234375 0.01796875 0.04609375
0 0.4546875 0.5484375 0.01640625 0.0328125
0 0.465625 0.546875 0.01796875 0.0375
0 0.43828125 0.58203125 0.01875 0.02734375
0 0.4359375 0.54140625 0.028125 0.0421875
0 0.40625 0.54453125 0.01640625 0.05625
0 0.41953125 0.57734375 0.01796875 0.04375
0 0.38671875 0.5984375 0.02265625 0.04296875
0 0.40546875 0.59375 0.03125 0.04921875
0 0.39375 0.6234375 0.01640625 0.040625
0 0.37890625 0.64296875 0.0203125 0.03984375
0 0.359375 0.6078125 0.02109375 0.034375
0 0.3515625 0.63828125 0.01484375 0.04765625
0 0.36953125 0.6515625 0.02109375 0.0453125
0 0.3640625 0.69453125 0.028125 0.04296875
0 0.36875 0.740625 0.01796875 0.04453125
0 0.353125 0.7265625 0.009375 0.02578125
0 0.6109375 0.51640625 0.021875 0.03671875
0 0.64296875 0.52421875 0.025 0.034375
0 0.615625 0.5421875 0.0171875 0.028125
0 0.596875 0.58359375 0.01640625 0.03046875
0 0.61328125 0.58203125 0.0203125 0.046875
0 0.6265625 0.60703125 0.01953125 0.0453125
0 0.6359375 0.63125 0.021875 0.03984375
0 0.63125 0.56171875 0.01796875 0.0375
0 0.66015625 0.54453125 0.0265625 0.0390625
0 0.6484375 0.58203125 0.021875 0.028125
0 0.659375 0.609375 0.0171875 0.02890625
0 0.65390625 0.671875 0.021875 0.0421875
0 0.67109375 0.5953125 0.02265625 0.028125
0 0.6734375 0.559375 0.015625 0.03203125
0 0.6921875 0.571875 0.01796875 0.0390625
0 0.715625 0.59296875 0.01875 0.0390625
0 0.696875 0.6125 0.01796875 0.0453125
0 0.675 0.63203125 0.01953125 0.05
0 0.66875 0.7078125 0.021875 0.03984375
0 0.68125 0.7265625 0.02109375 0.04140625
0 0.69375 0.66328125 0.025 0.0328125
0 0.7109375 0.63984375 0.01953125 0.05234375
0 0.73359375 0.61328125 0.02734375 0.0375
0 0.75078125 0.6375 0.02109375 0.03671875
0 0.7453125 0.678125 0.01953125 0.040625
0 0.7296875 0.65234375 0.02265625 0.03203125
0 0.72578125 0.6890625 0.021875 0.0375
0 0.7046875 0.68359375 0.02109375 0.0359375
0 0.70546875 0.7203125 0.02421875 0.03359375
0 0.68828125 0.76484375 0.021875 0.03203125
0 0.71328125 0.7703125 0.02421875 0.04609375
0 0.73046875 0.7328125 0.01953125 0.04140625
0 0.73828125 0.759375 0.02109375 0.0515625
0 0.7453125 0.6796875 0.01640625 0.04453125
0 0.75546875 0.71171875 0.0234375 0.03515625
0 0.75703125 0.834375 0.015625 0.04296875
0 0.73359375 0.809375 0.0234375 0.04765625
0 0.7625 0.7453125 0.0234375 0.040625
0 0.7734375 0.71328125 0.01953125 0.04296875
0 0.7875 0.746875 0.02109375 0.04765625
0 0.80234375 0.74609375 0.02265625 0.03984375
0 0.8265625 0.79453125 0.02421875 0.0328125
0 0.80546875 0.796875 0.0171875 0.05
0 0.75625 0.78046875 0.01796875 0.034375
0 0.77890625 0.778125 0.0265625 0.025
0 0.76640625 0.80234375 0.02265625 0.02421875
0 0.78828125 0.80078125 0.0234375 0.0453125
0 0.778125 0.828125 0.0296875 0.0453125
0 0.79609375 0.840625 0.01875 0.03203125
0 0.82734375 0.7609375 0.02109375 0.03046875
0 0.6828125 0.69375 0.0203125 0.03046875
0 0.3703125 0.8609375 0.359375 0.278125
0 0.65078125 0.87734375 0.2171875 0.24375
0 0.1921875 0.240625 0.015625 0.02734375
0 0.18515625 0.2734375 0.01640625 0.04296875
0 0.23203125 0.21953125 0.0109375 0.025
0 0.2171875 0.22734375 0.01875 0.03984375
0 0.23515625 0.24921875 0.015625 0.03828125
0 0.2 0.271875 0.01328125 0.0375
0 0.2015625 0.3046875 0.01640625 0.0375
0 0.2125 0.28125 0.01796875 0.03359375
0 0.221875 0.2640625 0.0125 0.03515625
0 0.23515625 0.27734375 0.0171875 0.02109375
0 0.2453125 0.2921875 0.0140625 0.02265625
0 0.22578125 0.29921875 0.01796875 0.03359375
0 0.234375 0.32421875 0.021875 0.0296875
0 0.21484375 0.32109375 0.01484375 0.0359375