0 0.35703125 0.090625 0.0140625 0.0140625
0 0.4578125 0.19140625 0.01640625 0.021875
0 0.35859375 0.21015625 0.01484375 0.02265625
0 0.35546875 0.23515625 0.01484375 0.0171875
0 0.45859375 0.2265625 0.0140625 0.01796875
0 0.39453125 0.28828125 0.0140625 0.01875
0 0.490625 0.3015625 0.0140625 0.0203125
0 0.41171875 0.35703125 0.01640625 0.02421875
0 0.4734375 0.35859375 0.0078125 0.021875
0 0.40703125 0.415625 0.01171875 0.015625
0 0.48359375 0.434375 0.01640625 0.01953125
0 0.44765625 0.47421875 0.0140625 0.0171875
0 0.4984375 0.40390625 0.01015625 0.01953125
0 0.51640625 0.42109375 0.01328125 0.01484375
0 0.53828125 0.403125 0.01328125 0.0234375
0 0.57890625 0.38671875 0.0109375 0.0171875
0 0.4921875 0.53828125 0.01015625 0.01796875
0 0.5046875 0.575 0.0125 0.0171875
0 0.534375 0.58203125 0.00859375 0.02421875
0 0.5140625 0.5 0.009375 0.01875
0 0.54921875 0.478125 0.01015625 0.01796875
0 0.57578125 0.46796875 0.0125 0.02109375
0 0.559375 0.509375 0.01328125 0.021875
0 0.54765625 0.54609375 0.015625 0.0140625
0 0.56796875 0.55703125 0.00859375 0.0171875
0 0.53515625 0.61953125 0.0109375 0.0171875
0 0.55078125 0.6328125 0.0109375 0.01953125
0 0.52890625 0.7359375 0.0109375 0.01015625
0 0.53359375 0.7546875 0.01171875 0.02109375
0 0.53046875 0.78125 0.0125 0.01484375
0 0.43984375 0.40234375 0.01015625 0.0171875