0 0.17538580814876137 0.780765581353666 0.06560401603912895 0.05025606426490725
0 0.18761900447582017 0.45551552876724133 0.07537953423772623 0.0567788489046432
0 0.2903692604927999 0.7574992290838105 0.055828497840531635 0.04373327962517113
0 0.2272996730435577 0.31265207884638363 0.07225453423772628 0.05668792069139794
0 0.15457836212624437 0.5680466210079671 0.07547966378737554 0.058341348904643375
0 0.1292219208840894 0.2675321439692207 0.0616779796419344 0.037665136051661906
0 0.15148694710225116 0.23765442735531553 0.0672666455887783 0.051864028371529966
0 0.24867163016795818 0.19899875580598775 0.061577850092285044 0.03610263605166186
0 0.28421790638611993 0.1695074840983754 0.03345285009228505 0.035284282132453625
0 0.3967586767441855 0.20878659593514248 0.047715609191583665 0.03881845909205772
0 0.40617444710225115 0.24506507673481254 0.03617733189368781 0.02912521034569897
0 0.7552603940476188 0.12294500197855704 0.04242733189368782 0.029307066772189704
0 0.28405180444813355 0.8927236752437444 0.05945414558877822 0.05163670783841638
0 0.2445689998523417 0.9103598046314888 0.04312823874123302 0.04024456677218957
0 0.31455203038944013 0.9664028676427548 0.02952681369509049 0.02269335391920819
0 0.31954921345514714 0.9250648138026888 0.04937823874123302 0.040426423198680436
0 0.40644843615725124 0.936985803773559 0.06081638648947951 0.0485571719450391
0 0.35917172039497747 0.8808207203083217 0.0554279796419344 0.03748327962517095
0 0.42672016579918565 0.9015711409997198 0.04565246144333699 0.030960494985435006
0 0.46016491903838813 0.9659435295586641 0.04202681369509058 0.02305706677218957
0 0.39714208976559395 0.8623578768139548 0.0483163864894796 0.048193459092057724
0 0.426989078506827 0.8240909986798517 0.03677810919158375 0.03850021034569906
0 0.3970197786913971 0.7543407883341529 0.04877746144333717 0.03105142319868044
0 0.28468377159468333 0.4309450892712249 0.0507404796419344 0.03734688730530315
0 0.3301080906884446 0.5160164227364621 0.04312823874123302 0.04024456677218975
0 0.3837652143779978 0.5825423446815012 0.05260336829088237 0.04207985141192587
0 0.38924325879475685 0.5459145228947466 0.02972707279438911 0.02581835391920819
0 0.4975111320228847 0.7862249373179384 0.045952850092285044 0.03564799498543501
0 0.6638079580564764 0.829416310833188 0.03950259099298634 0.03234113855894449
0 0.7496045581487614 0.7974736405375015 0.0583527205426357 0.03444920783841656
0 0.808708250313767 0.754579098375918 0.04575259099298634 0.032522994985435004
0 0.8403983413067536 0.7241929164017489 0.026802331893687636 0.028852425705962758
0 0.8411783937430769 0.6631644881885035 0.023276813695090225 0.022511497492717504
0 0.37492684222960404 0.36625811513547235 0.04927810919158375 0.03886392319868044
0 0.40861022979881795 0.3414088793212373 0.032852072794389106 0.025909282132453627
0 0.46102502853451366 0.39067910510634246 0.039102072794389285 0.026091138558944314
0 0.4427465954688066 0.43163071404011566 0.03461483189368782 0.029079746239076342
0 0.4400931624030996 0.47303696404011564 0.048777461443336986 0.03105142319868044
0 0.4270832202380939 0.5172726973470683 0.0427277205426357 0.03399456677218975
0 0.4626912507751923 0.5723155500126353 0.026602072794389288 0.025727425705962936
0 0.6813585124953846 0.4456179723533859 0.03012759099298634 0.03206835391920819
0 0.6339642759136199 0.5256404414745734 0.02982720234403846 0.027380853919208192
0 0.5902736351052036 0.48679925032920435 0.04212694324473994 0.02461956677218957
0 0.4681099360003677 0.5732559243858146 0.03441457279438911 0.025954746239076343
0 0.4414775848283485 0.5857870166265404 0.02720285009228505 0.035102425705962934
0 0.44897230490955886 0.7253268897460785 0.04439035009228505 0.03560253087881229
0 0.49516738202288463 0.7861567411580044 0.04429022054263569 0.034040030878812286
0 0.5013928053709842 0.5546566885715796 0.018789572794389107 0.02550010517284953
0 0.5493494440199322 0.5513558438235714 0.03431444324473994 0.02439224623907634
0 0.5915171576227376 0.5651061067556951 0.03627746144333717 0.03068771034569906
0 0.5002925778885181 0.6328953488381364 0.045952850092285044 0.03564799498543501
0 0.5487300778885181 0.6343047361434394 0.04242733189368782 0.029307066772189572
0 0.6181914767164989 0.64963187094146 0.04575259099298634 0.032522994985435004
0 0.6628426426633428 0.6368423659268952 0.038140350092285044 0.035420674452321776
0 0.7010447470745645 0.6880471647523961 0.039903109191583755 0.03859113855894449
0 0.48872521977666866 0.6912617783050229 0.04110466378737563 0.057341138558944314
0 0.4464166062661482 0.6430683192129651 0.03617733189368764 0.029125210345699058
0 0.45144526527316187 0.6745229076927672 0.03950259099298634 0.03234113855894431
0 0.524783833287189 0.73927338097059 0.03657785009228505 0.03537521034569906
0 0.48577139806201364 0.7373555283050229 0.038140350092285044 0.035420674452321596
0 0.543374344545956 0.7789496464099962 0.030327850092285048 0.03519335391920819
0 0.5759365206718327 0.7838106426490724 0.036978368290882455 0.04162521034569888
0 0.6109728547249887 0.7989188171013941 0.04368944324473976 0.024665030878812288
0 0.6834381400424492 0.7673709518994147 0.04222707279438911 0.02618206677218975
0 0.6511856469822794 0.7210355095004044 0.039903109191583755 0.03859113855894432
0 0.6822156014857862 0.7375925236861695 0.032852072794389287 0.025909282132453627
0 0.7665393391472851 0.6797776751772375 0.0398029796419344 0.03702863855894432
0 0.7650757711332579 0.6171185508040582 0.028064443244739935 0.024210389812585477
0 0.7926605505906222 0.650794868829889 0.026401813695090582 0.022602425705962936
0 0.8138940029346606 0.6248006701626726 0.032852072794389287 0.025909282132453627
0 0.5457564697766686 0.6929212181967508 0.061216904688076924 0.054807171945039104
0 0.5861614242801754 0.7097510170222519 0.05154151603912886 0.04984688730530316
0 0.5072225007751923 0.5736112770513817 0.03890181369509058 0.022966138558944492
0 0.07126162168696835 0.3902960425572949 0.03485466378737556 0.05715928213245362