0 0.12546019366069763 0.6472977016972022 0.08287588606495562 0.11605224687674198
0 0.4868139580353873 0.13792426433974359 0.047289330305381405 0.06274543969514967
0 0.3695141141042223 0.35588794827935666 0.061351830305381404 0.06282725292686626
0 0.44928149137518625 0.3094992824901162 0.04056109818322895 0.037718168617910844
0 0.3977984818322885 0.3771362343837102 0.02155600666795978 0.03448408430895542
0 0.4213475521357303 0.38820554459036466 0.02598841515269079 0.031386355386194255
0 0.36873157472468343 0.7385140959182245 0.09642820303441742 0.10988406010845857
0 0.38512159139458285 0.8245061380727023 0.04081618969849794 0.040843168617910666
0 0.37700594457878156 0.8877101200205255 0.07971919303247788 0.05824883723582168
0 0.40643899775328196 0.6934424904338343 0.07372428454774678 0.06133747579950324
0 0.40616818865972776 0.623161806690613 0.0958541181871082 0.14111587939029935
0 0.45935696153854505 0.62425212889932 0.042346738790112325 0.05959316861791084
0 0.5605859110698048 0.2476765142415477 0.028316189698497852 0.040770445745273956
0 0.5805792887998107 0.3204145774732643 0.03482128121376711 0.0439318071815924
0 0.5364784734973387 0.3349947070599554 0.025191189698497853 0.04075226502711473
0 0.4648422027445534 0.46186121320827545 0.034056006667959694 0.03455680718159222
0 0.46992818653369584 0.49546859874689486 0.03198332363742153 0.028297716822512697
0 0.5603297880509046 0.5506560684962738 0.03781873545613248 0.04238748789975162
0 0.48290564502812516 0.7501106469514969 0.12142820303441759 0.11002950585373253
0 0.49419344457878156 0.8883918969514968 0.01986596091032524 0.03291249394987581
0 0.5319325606398578 0.9011055203898678 0.0713009151526908 0.03164997579950324
0 0.6428062877610407 0.9009696858845206 0.027040732122152633 0.025145445745273776
0 0.7963139250339442 0.9065480410743232 0.026785640606883376 0.022020445745273776
0 0.864027583518675 0.9038184716942865 0.033545823637421535 0.028306807181592574
0 0.7552108218497454 0.8430577128154919 0.03418355242559432 0.03611930718159258
0 0.7171369948783439 0.7975452249157404 0.016900457576345396 0.01571590359079611
0 0.6974145551798461 0.7568247761454044 0.02675368969849785 0.040761355386194256
0 0.6107598359345711 0.6805753726528041 0.07515923879011233 0.05978406615858276
0 0.7109360816825072 0.4250298754814745 0.027550915152690793 0.031395445745273955
0 0.6077147132055349 0.633704917832344 0.04368609818322895 0.03773634933607006
0 0.8554978642734001 0.8280235861556673 0.029910640606883376 0.02203862646343282
0 0.9311040289670489 0.7402241251868868 0.036925915152690794 0.03144998789975162
0 0.7649849503286574 0.6853770230221464 0.016517820303441864 0.011028403590796288
0 0.7915316038124185 0.6566389446651193 0.030675915152690792 0.031413626463433174
0 0.7373384403267178 0.6336781676359522 0.020025457576345395 0.015734084308955332
0 0.7384227082045651 0.6086963483541113 0.03172823212215263 0.025172716822512698
0 0.85699749396026 0.5594099415418613 0.02442591515269079 0.03137726502711473
0 0.7507635983524067 0.5111582730221464 0.023660640606883554 0.02200226502711473
0 0.9156392992607923 0.4933763962641258 0.023915732122152634 0.02512726502711473
0 0.8892840933514368 0.4861951553393121 0.020663186364517826 0.023546584308955332
0 0.8888696341081015 0.46198549569839165 0.030675915152690435 0.031413626463433174
0 0.8239314497004375 0.09693721261910027 0.023150457576345217 0.015752265027114642
0 0.9290812063683973 0.13190763113881523 0.024425915152690436 0.031377265027114645
0 0.8947060774304436 0.1699707125209044 0.02053564060688373 0.02198408430895542
0 0.9753500416747485 0.22041614011580565 0.008545823637421535 0.028161361436318443
0 0.9626107966757186 0.24611103170454932 0.020153003333980023 0.01729658430895542
0 0.9520234672884209 0.4225280859592754 0.022863415152690792 0.03136817466803503
0 0.9729260275899231 0.3820439865250095 0.026530549091614473 0.018895445745273954
0 0.9732928183465877 0.3578388720636289 0.02378818636451783 0.023564765027114642
0 0.9562170175879834 0.33040876365237254 0.020280549091614475 0.01885908430895533
0 0.9246003557692724 0.31616900165031997 0.026275457576345217 0.015770445745273955
0 0.9249033736471199 0.29118263718893944 0.020535640606883378 0.02198408430895542
0 0.8907994406165818 0.2847371944687277 0.017793277879787083 0.02665340359079611
0 0.8978626415249675 0.26603719144366555 0.02053564060688373 0.02198408430895542
0 0.8772951789476522 0.22453094749378977 0.027040732122152633 0.025145445745273953
0 0.8464596381909875 0.24855879995311775 0.026658094849248925 0.020457945745273952
0 0.8324129847072264 0.2773696011827818 0.020535640606883378 0.02198408430895542
0 0.842967589558415 0.34927187226002065 0.020790732122152634 0.02510908430895542
0 0.7859684194047545 0.29193609523085345 0.020918277879787082 0.026671584308955422
0 0.7591188769810998 0.3073974687674203 0.02130091515269079 0.03135908430895542
0 0.774823496376156 0.3371622368195971 0.026275457576345397 0.015770445745273955
0 0.7850431324411117 0.45279178199913694 0.027040732122152633 0.025145445745273776
0 0.7927600375918626 0.43253382415361463 0.02455346091032524 0.03293976502711473
0 0.7758436045613246 0.4261883753832786 0.024170823637421533 0.028252265027114733
0 0.810154960620461 0.3873440440011894 0.013775457576345218 0.015697722872636887
0 0.775094434407664 0.36917985128097763 0.015593049091614474 0.018831813231716586
0 0.786111682740674 0.36065427897407476 0.015337957576345396 0.015706813231716587
0 0.8036180471347605 0.36466052292395057 0.023405549091614474 0.01887726502711464
0 0.7892047318322885 0.3794133693331544 0.020790732122152634 0.02510908430895542
0 0.6074598795661738 0.5540537792686624 0.009087957576345219 0.015670451795397965