0 0.25873609008370596 0.6207013580261013 0.06512374203690507 0.07613616510280767
0 0.7786243848785037 0.64503654239942 0.08184080517696728 0.09597877153942491
0 0.8424762403237024 0.8311982815036567 0.06697466837349922 0.05447968639013112
0 0.5716632113845072 0.858694122857137 0.05999662628012441 0.04154264381548387
0 0.6384712797862412 0.833792675823344 0.07137374203690498 0.07657320767745475
0 0.04648047183726369 0.8183897310584651 0.041610647326811766 0.04648151609154354
0 0.137840490182528 0.7326382653352388 0.05952618942018657 0.06018338317182241
0 0.1731849979338614 0.5799995843929893 0.03361613680346807 0.04281021287323483
0 0.1125051031672984 0.5531200101394587 0.0675052893919517 0.09030792574646931
0 0.12156856100333643 0.4910188478866425 0.06623121572854584 0.06843292574646931
0 0.1466133346102726 0.40834845951904003 0.05273015785015547 0.05037134059717552
0 0.16065344780680452 0.4478262227605917 0.051167657850155465 0.05026207995351371
0 0.2488282819935541 0.4167622570373656 0.0481336631118273 0.05160605866619043
0 0.2175606843702762 0.15207132634721757 0.04077618942018653 0.05887225544788164
0 0.3022732584572051 0.5678605812908961 0.04684417889684287 0.056184298022528625
0 0.3598883373822829 0.5404896981190737 0.06365224729857691 0.07758940445914604
0 0.41010116900878374 0.5867748362345747 0.06246917889684287 0.05727690445914604
0 0.42640797944742276 0.49382251172894254 0.046009720990217676 0.0685750373788668
0 0.7486176374387525 0.5724402765599781 0.049878173635170955 0.05484031930985207
0 0.8528269953030254 0.5332524544001345 0.06274219468185863 0.06196440445914604
0 0.6454618163355954 0.5267450003289762 0.07266322625188941 0.07199496832111638
0 0.6038504399848839 0.4930855483515047 0.04996917889684287 0.05640281930985207
0 0.5897116162508909 0.4419436654317838 0.04702618942018653 0.05930929802252862
0 0.5186857556851949 0.40567266568388527 0.04702618942018653 0.05930929802252862
0 0.4597580767177648 0.3887854504648621 0.04197466837349921 0.05273151609154336
0 0.4850611845820378 0.3551152908099361 0.04720819994353036 0.062434298022528624
0 0.47944749238984097 0.26447386531556827 0.04960515785015538 0.05015281930985207
0 0.5110083055299031 0.24359328276416442 0.0431731473268119 0.046590776735205085
0 0.43378492384693257 0.14006372720006727 0.04638915258848364 0.04837179802252858
0 0.21627120015529178 0.1474930869908793 0.051167657850155465 0.0502620799535138
0 0.32860387115962686 0.08906359193455785 0.03417757892507769 0.025731973516896423
0 0.5192743737904628 0.07495254340782617 0.04805806840173403 0.02359031930985205
0 0.7230855583725005 0.4497347500768746 0.04931673151356133 0.07191855866619026
0 0.8131792083301482 0.39908490403181746 0.05640118942018653 0.05996486188449897
0 0.7662587056993123 0.4031439733416695 0.05898015785015538 0.050808383171822416
0 0.6824983557275471 0.4385676571339106 0.05254814732681172 0.047246340597175515
0 0.6839691214419755 0.35987992842123406 0.04326415258848364 0.048153276735205176
0 0.6076488161238339 0.3076397212479825 0.050606215728545755 0.06734031930985207
0 0.5774677634365283 0.25139507508670983 0.03903167889684287 0.055637994804219916
0 0.5832998054593159 0.16462169476487895 0.05694722099021767 0.06933986188449896
0 0.6346039712019792 0.11201586481136516 0.07191977360693613 0.08594820767745462
0 0.6798577450912641 0.323598220995881 0.04235409997176518 0.032528276735205086
0 0.7168950135071155 0.3155618458698302 0.047769642065139804 0.04535605866619026
0 0.832314887156404 0.27092169920435444 0.05300317363517095 0.055058840597175515
0 0.7728866792497786 0.26262823398533125 0.08137036831702957 0.11461951089576328
0 0.8467784765342381 0.16953951566421485 0.06394067363517095 0.055823665102807674
0 0.8628577738186977 0.08049344115858273 0.08514781570031076 0.0993222928267485
0 0.9330877028567148 0.17050679994098855 0.04367294724210709 0.1353254948042199
0 0.9052812212725663 0.1670047415268998 0.04405237884037305 0.11512225544788164
0 0.7653002343561588 0.0989863510656103 0.0629242052052021 0.06508940445914595
0 0.6892397213431535 0.2560283087430649 0.11325740514873246 0.12774222376899802
0 0.6783924975809257 0.17508966517968225 0.05585515785015538 0.05058986188449901
0 0.703778905431081 0.1266303858465871 0.05593075256024882 0.07860560124083724
0 0.6184035765765905 0.2298589286733356 0.053276189420186526 0.05974634059717552