0 0.7328125 0.13203125 0.08125 0.10234375
0 0.29140625 0.20859375 0.0703125 0.0875
0 0.38671875 0.25703125 0.0515625 0.06875
0 0.65390625 0.359375 0.0453125 0.05625
0 0.89609375 0.41640625 0.0484375 0.05859375
0 0.05078125 0.40703125 0.0296875 0.07265625
0 0.11484375 0.4125 0.03671875 0.05703125
0 0.15078125 0.5015625 0.04453125 0.065625
0 0.2125 0.5265625 0.03515625 0.0484375
0 0.93984375 0.19453125 0.04765625 0.084375
0 0.6890625 0.45625 0.03359375 0.05078125
0 0.89765625 0.878125 0.03203125 0.04375
0 0.7421875 0.45 0.03203125 0.0390625
0 0.7359375 0.6125 0.03046875 0.03984375
0 0.70234375 0.58984375 0.034375 0.05
0 0.70078125 0.63046875 0.03671875 0.03359375
0 0.63828125 0.609375 0.0328125 0.03984375
0 0.5921875 0.43984375 0.0421875 0.05078125
0 0.6125 0.475 0.04375 0.06171875
0 0.5703125 0.721875 0.03203125 0.04140625
0 0.50625 0.8375 0.02421875 0.04453125
0 0.49140625 0.496875 0.04375 0.06328125
0 0.4234375 0.64140625 0.0328125 0.0359375
0 0.440625 0.7375 0.03515625 0.03359375
0 0.3984375 0.72109375 0.03125 0.040625
0 0.40390625 0.6640625 0.03125 0.0359375
0 0.36875 0.62109375 0.040625 0.05703125
0 0.30390625 0.5390625 0.0390625 0.06328125
0 0.2671875 0.5703125 0.03359375 0.0453125
0 0.29140625 0.59609375 0.03984375 0.04296875
0 0.3234375 0.73671875 0.03359375 0.05078125
0 0.28046875 0.6765625 0.06796875 0.0875
0 0.29921875 0.63125 0.03125 0.0234375
0 0.1140625 0.5828125 0.05 0.04921875
0 0.09375 0.615625 0.02578125 0.05234375
0 0.13046875 0.63359375 0.03203125 0.04609375
0 0.17265625 0.60625 0.03984375 0.0515625
0 0.1828125 0.65625 0.028125 0.04140625
0 0.159375 0.66796875 0.0234375 0.02890625
0 0.20390625 0.7125 0.05625 0.05859375
0 0.11328125 0.68359375 0.04609375 0.02265625
0 0.11875 0.73515625 0.06875 0.0828125
0 0.0578125 0.76640625 0.04609375 0.0703125
0 0.0703125 0.71796875 0.04375 0.03359375
0 0.08671875 0.79765625 0.03671875 0.04765625
0 0.09921875 0.875 0.04609375 0.04609375
0 0.27265625 0.7796875 0.04765625 0.0453125
0 0.24921875 0.7234375 0.0390625 0.0515625
0 0.1546875 0.77265625 0.0421875 0.05703125
0 0.18359375 0.7765625 0.0296875 0.04765625
0 0.14921875 0.8453125 0.05078125 0.0671875
0 0.20234375 0.878125 0.0421875 0.03359375
0 0.26875 0.8609375 0.0328125 0.05078125
0 0.30703125 0.88046875 0.03515625 0.03828125
0 0.18046875 0.85234375 0.01875 0.0390625
0 0.11171875 0.83515625 0.02890625 0.05546875