0 0.27109375 0.23203125 0.0453125 0.06015625
0 0.69921875 0.24453125 0.0265625 0.03515625
0 0.7328125 0.10234375 0.040625 0.04140625
0 0.85 0.09375 0.0375 0.02890625
0 0.52734375 0.178125 0.0375 0.03046875
0 0.421875 0.20234375 0.0421875 0.04453125
0 0.39453125 0.2484375 0.04296875 0.053125
0 0.32578125 0.31171875 0.03125 0.0453125
0 0.1984375 0.3578125 0.03203125 0.03359375
0 0.2140625 0.4015625 0.02734375 0.0390625
0 0.59375 0.26796875 0.03203125 0.03359375
0 0.51015625 0.23125 0.03984375 0.03125
0 0.2859375 0.33125 0.0421875 0.0359375
0 0.30703125 0.36875 0.0328125 0.0328125
0 0.30546875 0.40078125 0.0328125 0.0234375
0 0.2953125 0.43515625 0.0296875 0.03203125
0 0.26015625 0.428125 0.03515625 0.0359375
0 0.24921875 0.37890625 0.0296875 0.04140625
0 0.2640625 0.39765625 0.025 0.021875
0 0.4078125 0.31953125 0.0453125 0.04453125
0 0.46171875 0.30859375 0.04296875 0.0390625
0 0.4953125 0.275 0.04296875 0.05234375
0 0.5265625 0.28046875 0.021875 0.03046875
0 0.54453125 0.32109375 0.034375 0.04140625
0 0.60546875 0.34921875 0.025 0.0265625
0 0.659375 0.365625 0.03046875 0.03671875
0 0.6734375 0.3953125 0.03828125 0.0328125
0 0.75078125 0.63828125 0.025 0.040625
0 0.60078125 0.478125 0.0359375 0.02734375
0 0.66171875 0.684375 0.02109375 0.03359375
0 0.553125 0.7921875 0.021875 0.028125
0 0.478125 0.36328125 0.0296875 0.04140625
0 0.45234375 0.39453125 0.025 0.025
0 0.4796875 0.44140625 0.0265625 0.02890625
0 0.4203125 0.45 0.015625 0.0265625
0 0.4671875 0.49453125 0.0203125 0.04140625
0 0.4390625 0.4828125 0.01796875 0.0296875
0 0.3890625 0.4796875 0.028125 0.0390625
0 0.35 0.47265625 0.028125 0.0359375
0 0.328125 0.5078125 0.02421875 0.028125
0 0.27421875 0.50234375 0.03515625 0.0390625
0 0.2828125 0.53671875 0.03359375 0.04453125
0 0.26953125 0.63125 0.02109375 0.03046875
0 0.32265625 0.66640625 0.0203125 0.028125
0 0.35234375 0.63125 0.02890625 0.03515625
0 0.38046875 0.5859375 0.03046875 0.034375
0 0.51015625 0.38359375 0.03125 0.03359375
0 0.5375 0.371875 0.03515625 0.04375
0 0.5671875 0.37578125 0.03046875 0.02890625
0 0.5671875 0.33359375 0.02265625 0.02890625
0 0.47109375 0.5375 0.02265625 0.02421875
0 0.3984375 0.54765625 0.03046875 0.025
0 0.378125 0.53984375 0.02265625 0.0296875
0 0.3578125 0.53359375 0.01953125 0.03515625
0 0.375 0.58125 0.02734375 0.0375
0 0.29609375 0.853125 0.0359375 0.0375
0 0.46640625 0.57421875 0.021875 0.0328125
0 0.49921875 0.5640625 0.03046875 0.03203125
0 0.54609375 0.58203125 0.01875 0.02265625
0 0.5171875 0.60703125 0.02578125 0.02578125
0 0.56015625 0.66171875 0.021875 0.02734375
0 0.50078125 0.64140625 0.0234375 0.02734375
0 0.47421875 0.696875 0.01875 0.02734375
0 0.50703125 0.77890625 0.01796875 0.02265625
0 0.4296875 0.65625 0.02421875 0.01640625
0 0.4625 0.61640625 0.02890625 0.02421875
0 0.40625 0.64140625 0.0140625 0.03125
0 0.3828125 0.64375 0.0234375 0.02890625
0 0.3609375 0.659375 0.03203125 0.02421875
0 0.36328125 0.68984375 0.028125 0.04140625
0 0.3890625 0.728125 0.0203125 0.03125
0 0.3578125 0.80625 0.01875 0.0453125
0 0.31953125 0.79765625 0.0328125 0.03125
0 0.25859375 0.86796875 0.03671875 0.03671875
0 0.20859375 0.88359375 0.028125 0.02109375
0 0.41328125 0.809375 0.0203125 0.0359375
0 0.4296875 0.834375 0.03828125 0.0421875
0 0.39609375 0.8484375 0.02109375 0.04453125
0 0.3546875 0.84921875 0.01875 0.02578125
0 0.4328125 0.88515625 0.04453125 0.021875
0 0.37578125 0.88515625 0.05234375 0.03046875
0 0.31328125 0.8953125 0.034375 0.025
0 0.41953125 0.515625 0.02421875 0.0265625