0 0.23726678130306555 0.6535512051150478 0.054927331893687814 0.028434072208706952
0 0.2947660055463291 0.7946756539835796 0.03567668414544123 0.02051248789975162
0 0.33041389497046947 0.24113704264545702 0.09422966378737554 0.056777240826617795
0 0.3733640561369514 0.1674222866935287 0.09967862739018099 0.044313602262936326
0 0.37157221622369907 0.11506944633444909 0.08854086829088237 0.04112496974937896
0 0.860874548117387 0.14035825430160834 0.08405362739018116 0.044222698672140126
0 0.9027291290097821 0.06585315799060039 0.19454174198043575 0.0948772045258726
0 0.7205394447858993 0.17009172697785355 0.08415375693983015 0.04578519867214013
0 0.7288247092838688 0.06766161856659718 0.0712532387412331 0.0394624757995032
0 0.6480555706349207 0.0634422720591975 0.1010804410852714 0.06618860226293628
0 0.4577246853728337 0.8984541180756178 0.016426036397194466 0.012590903590795932
0 0.4455052876245871 0.8907097957687149 0.01975129549649317 0.015734084308955686
0 0.4377731307770418 0.8798132023845732 0.021113536397194467 0.01261817466803521
0 0.4322845943798471 0.8673404734618121 0.017988536397194464 0.01259999394987581
0 0.4474089466316006 0.859437069871016 0.014863536397194465 0.01258181323171641
0 0.46311428978405533 0.8484041211006801 0.016426036397194643 0.012590903590795932
0 0.570376077260984 0.8391831363241863 0.03445414558877822 0.050181807181592576
0 0.5918307726651922 0.8203013261175318 0.06550388648947969 0.04723861436318479
0 0.6309223534791458 0.8693109978587007 0.06862888648947969 0.04725679508134384
0 0.6572752999630882 0.8292990762157277 0.08122901603912887 0.048892017953981085
0 0.7290001056386142 0.8265371696980652 0.07810401603912887 0.048873837235821685
0 0.7000728716777431 0.8751610220591974 0.07567992288667433 0.05979315651766228
0 0.6810317774455543 0.9073149919067725 0.07487888648947952 0.047293156517662284
0 0.7697135456441515 0.913051386618774 0.09216651603912887 0.04895565046753845
0 0.7631037978036199 0.8708866125164729 0.09473031153562203 0.06458974082661798
0 0.30747225246401017 0.49292680162244745 0.05100129549649317 0.01591589149054773
0 0.3093456330933936 0.4733773709042882 0.04671431369509058 0.022138620413308985
0 0.31746901372277714 0.4537915787498106 0.03597707279438911 0.02519998789975162
0 0.3310611443521606 0.43417397033855415 0.03870155459579187 0.01896816861791084
0 0.33474734885566737 0.4185216992613153 0.03733931369509049 0.02208407825883114
0 0.33226389651162896 0.3919637444408551 0.03557655459579188 0.01894998789975162
0 0.331810918410854 0.5068529462362532 0.04338905459579188 0.018995439695149587
0 0.35521814003322394 0.5184398860295987 0.05276405459579188 0.019049981849627428
0 0.33160016733111985 0.5279557865953328 0.04495155459579188 0.019004530054229286
0 0.3568202128276131 0.5434398860295987 0.04515181369509049 0.022129530054229286
0 0.33662762877445696 0.5576251058771736 0.042026813695090495 0.022111349336070063
0 0.35614838679402144 0.5817393167477579 0.042026813695090495 0.022111349336070063
0 0.3646315152639366 0.6043546601318998 0.048276813695090494 0.02214771077238851
0 0.3499403547157635 0.48486431674775793 0.04495155459579188 0.019004530054229463
0 0.34880055443890834 0.38170750049097935 0.02726340684754529 0.011092036104353475
0 0.3541994532668891 0.3683898890546608 0.03225129549649317 0.015806807181592396
0 0.3529478338962726 0.34885863905466086 0.04378957279438911 0.025245439695149675
0 0.37737733497600673 0.3276148981298472 0.048477072794389106 0.025272710772388508
0 0.3819449190291629 0.3135205818730685 0.03557655459579188 0.01894998789975162
0 0.4148575485788122 0.3148921843323965 0.04535207279438911 0.025254530054229285
0 0.40735592920819563 0.295397295768715 0.04202681369509058 0.022111349336070063
0 0.3915795373200452 0.35410467525721023 0.04651405459579187 0.019013620413308896
0 0.38267490669066173 0.3736950125912277 0.041826554595791876 0.018986349336070064
0 0.37318928516057687 0.39641489510478506 0.04358931369509049 0.022120439695149673
0 0.3754724784053167 0.41984784992524526 0.042026813695090495 0.022111349336070063
0 0.3580241625507579 0.4402694342342007 0.039001943244739753 0.023655668617910842
0 0.346044596696199 0.4606592022863774 0.04358931369509049 0.022120439695149586
0 0.3838542797619061 0.501860919207086 0.049538925046142525 0.017469301131468207
0 0.3562602058877828 0.4981137504909793 0.04006379549649317 0.01585225897699054
0 0.3995188525562952 0.5267791059753695 0.05140181369509058 0.022165891490547728
0 0.40462665715208707 0.5455063800776705 0.048477072794389106 0.025272710772388508
0 0.3854656469730543 0.5635933047457055 0.04485142504614252 0.017442030054229462
0 0.41477241517165153 0.5696751331027325 0.05432655459579187 0.01905907220870695
0 0.40337384021779404 0.5869353559753694 0.056089313695090584 0.02219316256778665
0 0.4037638664359558 0.6174131963344491 0.033052331893687815 0.02830680718159222
0 0.4082406153562216 0.6384887656162899 0.03733931369509058 0.02208407825883114
0 0.42511723472683816 0.6579291120254936 0.048376943244739935 0.023710210772388506
0 0.43803753932263 0.6766109343323965 0.04348918414544123 0.020557939695149584
0 0.4669635757198246 0.6889473078689634 0.05150194324473976 0.02372839149054773
0 0.4678146768918438 0.7022285578689634 0.03441457279438911 0.02519089754067192
0 0.5117451495939479 0.6925944826351943 0.048276813695090584 0.02214771077238851
0 0.5211096576135124 0.7167677808397962 0.048477072794389106 0.025272710772388508
0 0.5379862769841288 0.736208127249 0.03577681369509058 0.022074987899751618
0 0.5805742951827262 0.7422126875538504 0.03763970234403846 0.02677157825883114
0 0.565210111037285 0.721982000785567 0.05120155459579188 0.019040891490547728
0 0.5490646768918438 0.7017558591968233 0.032751943244739755 0.023619307181592396
0 0.5804648712163178 0.7039178020152309 0.042427331893687636 0.02836134933607006
0 0.5697881870708766 0.6836598441697086 0.040264054595791875 0.01897725897699054
0 0.5338809654485066 0.6721456272490001 0.04202681369509058 0.022111349336070063
0 0.5000171051771888 0.6559302747896719 0.04661418414544123 0.020576120413308984
0 0.5046242620247341 0.6668450488919729 0.04671431369509058 0.022138620413308985
0 0.4623366324750847 0.6655279885871226 0.032651813695090584 0.0220568071815924
0 0.4531223187799943 0.6436984403825207 0.048276813695090584 0.02214771077238851
0 0.4394708289590271 0.6258024132551576 0.04525194324473993 0.023692030054229284
0 0.44368795958841056 0.606239346998379 0.048276813695090584 0.02214771077238851
0 0.4667552197674434 0.588129696432645 0.04525194324473976 0.023692030054229284
0 0.4567596560723529 0.5663046934075828 0.05412629549649317 0.01593407220870695
0 0.45903355490033365 0.5530052626894235 0.05412629549649317 0.01593407220870695
0 0.4603760094038405 0.5373666271508041 0.03703892504614252 0.01739657825883114
0 0.4953320003045418 0.5340370940715127 0.03441457279438911 0.025190897540672098
0 0.43694900138427595 0.5132751421779188 0.048076554595791875 0.019022710772388506
0 0.47519997300664585 0.524775723560008 0.033913925046142525 0.01737839754067192
0 0.4344352706626074 0.49844048253699835 0.043288925046142526 0.017432939695149585
0 0.3966651603912895 0.48224785597536945 0.03597707279438911 0.02519998789975162
0 0.4263025956164649 0.48129388915285676 0.041826554595791876 0.018986349336070064
0 0.40516927282207577 0.45640751864135193 0.04525194324473976 0.023692030054229284
0 0.3949932364248812 0.44396206079582967 0.04691457279438911 0.025263620413308985
0 0.4226979318290893 0.42504388915285674 0.04661418414544123 0.020576120413308984
0 0.4363494216500565 0.4429399162802198 0.051101425046142526 0.01747839149054773
0 0.4416074205703223 0.46401094038252066 0.04495155459579188 0.019004530054229463
0 0.46503442858988686 0.48810242535540616 0.029326554595791875 0.018913626463433177
0 0.478054862735328 0.508346747662309 0.04651405459579187 0.019013620413308986
0 0.4234396090347001 0.4000302536142373 0.04515181369509058 0.022129530054229286
0 0.43473805443890834 0.38120753074160035 0.04222707279438911 0.025236349336070062
0 0.4452051850682919 0.3616081030485032 0.046814443244739934 0.023701120413308897
0 0.46071026912144786 0.3474501542781672 0.05120155459579188 0.019040891490547728
0 0.435740547499078 0.3358723048439013 0.041626295496493174 0.015861349336070064
0 0.4696649645256561 0.3286410669441497 0.04691457279438911 0.025263620413308985
0 0.4616824838039875 0.313838223560008 0.04555233189368781 0.028379530054229284
0 0.4456371792081956 0.29517458197126434 0.02942668414544123 0.020476126463433175
0 0.44209187461240373 0.2764382175098838 0.05150194324473993 0.02372839149054773
0 0.44978445866555994 0.2623257205349459 0.048376943244739755 0.023710210772388506
0 0.47416389497046946 0.24030072961013219 0.03723918414544123 0.020521578258831143
0 0.49517730181801467 0.25112005494209716 0.03880168414544123 0.020530668617910842
0 0.49340405073828053 0.2722319856602564 0.041826554595791876 0.018986349336070064
0 0.486512503082319 0.29884448263519425 0.045352072794389284 0.025254530054229285
0 0.5016881176725735 0.2307621031466991 0.03441457279438911 0.02519089754067192
0 0.533739154069768 0.24308029596510675 0.040364184145441226 0.020539758976990452
0 0.5355624699243269 0.22274961524694747 0.03920220234403846 0.02678066861791084
0 0.5445870165005543 0.2172263230924698 0.03753957279438911 0.02520907825883114
0 0.5718609153285351 0.20378144662903663 0.03890181369509058 0.02209316861791084
0 0.6141878315799207 0.7545217900131783 0.04202681369509058 0.022111349336070063
0 0.611123388335181 0.731093380372258 0.049639054595791876 0.01903180113146803
0 0.6215905189645644 0.7114939526791609 0.048477072794389106 0.025272710772388508
0 0.6572474167128111 0.7191019195998696 0.04338905459579188 0.018995439695149587
0 0.6428239713086029 0.7379428231906656 0.03890181369509058 0.02209316861791084
0 0.6557442759043948 0.7566246454975685 0.031189443244739934 0.023610216822512697
0 0.6877452475267647 0.7681615883159761 0.03411418414544123 0.020503397540672097
0 0.7286706361757126 0.772612738979906 0.03537629549649317 0.01582498789975162
0 0.7590893214008879 0.7716542269778536 0.02952681369509058 0.022038626463433176
0 0.7788406168973812 0.7871701426688981 0.04338905459579188 0.018995439695149587
0 0.7940453123015893 0.7683246938985622 0.043288925046142526 0.017432939695149585
0 0.8229713486987839 0.7806610674351291 0.03421431369509058 0.022065897540671918
0 0.8549723203211539 0.7921980102535368 0.03890181369509023 0.02209316861791084
0 0.7920124429309727 0.748797989078102 0.03411418414544123 0.02050339754067192
0 0.7448568406792193 0.7568877450300303 0.03870155459579187 0.01896816861791084
0 0.7112130259043947 0.7563019377502421 0.03940246144333699 0.02990566861791084
0 0.4892402914820984 0.6341098169441497 0.03597707279438929 0.02519998789975162
0 0.48647623688630653 0.6153689073032294 0.048977720542635696 0.033085210772388504
0 0.5046557379660406 0.5941615278147341 0.029727072794389287 0.025163626463433175
0 0.5050667481450735 0.5761836874556545 0.03880168414544123 0.020530668617910842
0 0.5084525639996323 0.5558439163784156 0.02952681369509058 0.022038626463433176
0 0.4937695003045418 0.5340461844305924 0.03441457279438911 0.025190897540672098
0 0.5231671036360294 0.504958127249 0.03557655459579188 0.01894998789975162
0 0.5622098172388348 0.49222632309246983 0.04495155459579188 0.019004530054229286
0 0.5237376025562952 0.5260564224285399 0.03870155459579187 0.01896816861791084
0 0.5351955367017365 0.5463098350945224 0.04475129549649317 0.015879530054229284
0 0.5386907765227036 0.5642649495559029 0.03870155459579187 0.01896816861791084
0 0.54384864589332 0.5837734736582039 0.041826554595791876 0.018986349336070064
0 0.5622877652639365 0.6032047297083281 0.048176684145441226 0.020585210772388507
0 0.5232951164359558 0.6167177838648583 0.04358931369509058 0.022120439695149763
0 0.5452900323827997 0.6306575640172835 0.04192668414544123 0.02054884933607006
0 0.5630980960778902 0.6524371152469475 0.034014054595791876 0.01894089754067192
0 0.550978827879293 0.6462552929400446 0.03870155459579187 0.01896816861791084
0 0.5799549290513122 0.6593729164766116 0.04202681369509058 0.022111349336070063
0 0.6053752336471041 0.6779820159108774 0.03870155459579187 0.01896816861791084
0 0.635663510945 0.6871842990883648 0.041826554595791876 0.018986349336070064
0 0.6588204086932465 0.6948649888817102 0.039001943244739934 0.023655668617910842
0 0.6824581677925452 0.697853633495516 0.03910207279438911 0.02521816861791084
0 0.7209594632890384 0.7132604648776051 0.03870155459579187 0.01896816861791084
0 0.7536613417589535 0.7357349076960128 0.048076554595791875 0.019022710772388506
0 0.7522094632890384 0.7130786576960129 0.02972707279438911 0.025163626463433175
0 0.6832184338316741 0.7463047690341353 0.026201554595791876 0.018895445745273777
0 0.708148582659655 0.7328735281093217 0.032451554595791875 0.018931807181592396
0 0.5929765607604298 0.6186570128858153 0.048376943244739755 0.023710210772388506
0 0.6102839767072737 0.6326240641154793 0.03850129549649317 0.015843168617910842
0 0.6826979996862329 0.7259877238545955 0.039001943244739934 0.023655668617910842
0 0.6110349483296437 0.6443428141154793 0.04671431369509058 0.022138620413308985
0 0.6322486142764875 0.6582871394474443 0.05140181369509058 0.022165891490547728
0 0.6709804472499095 0.6650956756499936 0.04212694324473994 0.023673849336070064
0 0.697262344998156 0.67275818472518 0.04202681369509058 0.022111349336070063
0 0.7207196313953507 0.6851263745185255 0.02952681369509058 0.022038626463433176
0 0.745819760945 0.6865434287732517 0.02952681369509058 0.022038626463433176
0 0.7136988733757861 0.6609394407753042 0.048477072794389106 0.025272710772388508
0 0.7481239381506108 0.6615207028755525 0.040664572794389106 0.02522725897699054
0 0.487720956967517 0.4762473199692119 0.04671431369509058 0.022138620413308985
0 0.5021536967884841 0.4941388019170351 0.03537629549649317 0.01582498789975162
0 0.5348462808416402 0.4798808591968233 0.042427331893687636 0.02836134933607006
0 0.565064706967517 0.47579734719477074 0.03225129549649317 0.015806807181592396
0 0.5347065784976017 0.4533092688377437 0.048276813695090584 0.02214771077238851
0 0.47742500462347853 0.4497348169441498 0.02952681369509058 0.022038626463433176
0 0.4911370511997058 0.4441842537124332 0.03577681369509058 0.022074987899751618
0 0.49759780227944006 0.42304505191703506 0.041826554595791876 0.018986349336070064
0 0.46080920110742074 0.4099728801758663 0.04475129549649317 0.015879530054229284
0 0.46122950570321264 0.42872742535540614 0.032451554595791875 0.01893180718159222
0 0.4706452760612782 0.39272174766230894 0.03421431369509058 0.022065897540672008
0 0.5085958590347002 0.3995348290443982 0.041726425046142525 0.017423849336070062
0 0.5458152567829468 0.4071337056060271 0.03713905459579188 0.01895907825883114
0 0.5291481909283879 0.42755074473544274 0.04192668414544123 0.02054884933607006
0 0.5868500693983031 0.4498797418085765 0.03713905459579188 0.01895907825883114
0 0.5690920704780373 0.4288814405789124 0.032551684145441226 0.020494307181592397
0 0.5932409693060181 0.4154547448336386 0.03870155459579187 0.01896816861791084
0 0.5780770442598755 0.39834905806535514 0.026301684145441227 0.020457945745273865
0 0.506212536240311 0.3745393742239379 0.048076554595791875 0.019022710772388506
0 0.5003735464193438 0.35659789530117675 0.048076554595791875 0.019022710772388506
0 0.5182223804725 0.34242631099222137 0.039102072794389285 0.02521816861791084
0 0.5209270758767082 0.32365358509452236 0.029927331893687813 0.028288626463433175
0 0.5172117905592477 0.29006892545360197 0.04222707279438929 0.025236349336070062
0 0.5534694656053902 0.3070518923743105 0.041826554595791876 0.018986349336070064
0 0.5679429757844231 0.2889922387835144 0.04202681369509058 0.022111349336070063
0 0.5371540507382806 0.2719774556060271 0.03627746144333699 0.029887487899751618
0 0.5663409029900339 0.2639922387835144 0.04671431369509058 0.022138620413308985
0 0.533739154069768 0.24308029596510675 0.040464313695090584 0.022102258976990453
0 0.5834690437984502 0.22637860929501913 0.03723918414544123 0.020521578258831143
0 0.5736830336194174 0.24441099180857648 0.035476425046142526 0.01738748789975162
0 0.6029409346068665 0.1887513442679045 0.03537629549649317 0.015824987899751574
0 0.6410719902823925 0.18618488047045387 0.03421431369509058 0.022065897540672008
0 0.6633672948781844 0.20481216062287905 0.03820090684754511 0.011155668617910841
0 0.6798841664082692 0.18205137149346343 0.032451554595791875 0.018931807181592354
0 0.7162419710040611 0.20059683841417203 0.04348918414544123 0.020557939695149675
0 0.617954665328535 0.20351328103618793 0.041626295496493174 0.015861349336070064
0 0.6347812199243268 0.22217237744539178 0.048376943244739935 0.023710210772388506
0 0.6844505528977488 0.2289172811343838 0.04192668414544123 0.02054884933607006
0 0.6071766540697681 0.24265304908836471 0.040264054595791875 0.018977258976990364
0 0.5565803809339254 0.5141422297083281 0.048076554595791875 0.019022710772388506
0 0.583382712827613 0.5421217839630541 0.033813795496493174 0.015815897540672096
0 0.5811193059800679 0.5311933743221338 0.03870155459579187 0.01896816861791084
0 0.6180278230989309 0.5583325912428425 0.029326554595791875 0.018913626463433177
0 0.5775530174234049 0.5609126905789126 0.04398983189368781 0.028370439695149584
0 0.5825804788667421 0.5905820098607533 0.057251295496493174 0.015952252926866174
0 0.6145418776947228 0.5771098623200812 0.04495155459579188 0.019004530054229286
0 0.6377383482373584 0.6097996424725064 0.04515181369509058 0.022129530054229286
0 0.6318492936415667 0.5910769135497452 0.05200259099298634 0.03154089149054773
0 0.6622877652639365 0.6026229467272326 0.041626295496493174 0.015861349336070064
0 0.6827702459856051 0.6173530672387373 0.04192668414544123 0.02054884933607006
0 0.6488656153562216 0.6370888503180288 0.03577681369509058 0.022074987899751618
0 0.6798350131044683 0.6447240883159762 0.04787629549649317 0.015897710772388506
0 0.691964773283501 0.6266780702637995 0.04671431369509058 0.022138620413308985
0 0.7352839767072737 0.6318968353891099 0.04555233189368781 0.028379530054229284
0 0.7810773380583257 0.6269411697962612 0.04495155459579188 0.019004530054229286
0 0.7680161335548189 0.6426479830279778 0.02560077729789594 0.009520445745273776
0 0.541338507862681 0.38605813632418634 0.03890181369509058 0.02209316861791084
0 0.5470983520948699 0.3539814345287883 0.03597707279438911 0.02519998789975162
0 0.566819369213733 0.38122064539937267 0.029226425046142524 0.017351126463433175
0 0.6094271738095248 0.3997297508837628 0.03225129549649317 0.015806807181592396
0 0.606813313538207 0.38333259124284236 0.048176684145441226 0.020585210772388507
0 0.6309622123661878 0.3699058954975685 0.04651405459579187 0.019013620413308896
0 0.6545801850682919 0.36038999493183443 0.04202681369509058 0.022111349336070063
0 0.5853493237172398 0.3654820159108774 0.03870155459579187 0.01896816861791084
0 0.5663094270487273 0.3366757598607532 0.040764702344038464 0.02678975897699045
0 0.6045603986710972 0.34817634124284236 0.02952681369509058 0.022038626463433176
0 0.631203241823552 0.33707975995894907 0.029226425046142524 0.017351126463433175
0 0.6940536952473246 0.34218489559576437 0.04358931369509058 0.022120439695149673
0 0.6163897702011821 0.32544282319066564 0.02952681369509058 0.022038626463433086
0 0.5803020758767081 0.32330815144949687 0.03225129549649317 0.015806807181592396
0 0.5916005212809162 0.3044854285768599 0.040264054595791875 0.01897725897699045
0 0.6111923280361765 0.28092520872928506 0.040264054595791875 0.01897725897699045
0 0.6319251326319683 0.29956157924078985 0.04651405459579187 0.019013620413308986
0 0.6528581963270588 0.32132294975229464 0.05120155459579188 0.019040891490547728
0 0.729039964525656 0.3271320673369332 0.04202681369509058 0.022111349336070063
0 0.7469889281284615 0.31452298302797776 0.04202681369509058 0.022111349336070063
0 0.6829066417312669 0.30239114257070226 0.03441457279438929 0.02519089754067192
0 0.6583677166851244 0.2853399979568965 0.05432655459579187 0.01905907220870695
0 0.6303533382152093 0.2628382840612501 0.039302331893687634 0.028343168617910842
0 0.6534706631690668 0.24550988349551597 0.03890181369509058 0.02209316861791084
0 0.6944461165928393 0.2507422841594459 0.041826554595791876 0.018986349336070064
0 0.6696661620893325 0.2665172750842596 0.032651813695090584 0.0220568071815924
0 0.7066352359634559 0.2702099016458886 0.03890181369509058 0.02209316861791084
0 0.7025182348837217 0.29133546790266723 0.03733931369509058 0.02208407825883114
0 0.739186920108897 0.2903405944642962 0.03597707279438911 0.02519998789975162
0 0.7848195951550395 0.3072690192305271 0.032651813695090404 0.0220568071815924
0 0.7886862723606505 0.28223720297374844 0.048477072794389106 0.025272710772388508
0 0.7500848473145079 0.2652678715916593 0.041826554595791876 0.018986349336070064
0 0.7761466995662613 0.25730083548730576 0.05296431369509058 0.022174981849627427
0 0.6960086165928393 0.2507331938003663 0.04475129549649317 0.015879530054229284
0 0.7273890245201187 0.24039059143923414 0.03587694324473993 0.02363748789975162
0 0.8499451449704694 0.23811449825148415 0.04475129549649352 0.015879530054229284
0 0.8264470882152093 0.26169744399675804 0.04837694324473958 0.023710210772388506
0 0.7605321915466968 0.23316389871902238 0.042126943244739756 0.023673849336070064
0 0.7278000346991516 0.2224127510801545 0.04495155459579188 0.019004530054229286
0 0.7604926187523077 0.20815480835994277 0.048276813695090584 0.02214771077238851
0 0.7587601380306392 0.19331560353948252 0.04202681369509058 0.022111349336070063
0 0.8056456300110746 0.1688150524080144 0.03441457279438929 0.025190897540672007
0 0.8093411289313405 0.18989516686939495 0.051101425046142526 0.017478391490547772
0 0.796088959745294 0.23920936563973094 0.03557655459579188 0.01894998789975162
0 0.7922933312753789 0.21656675117835036 0.026702202344038285 0.026707945745273954
0 0.8173131176725736 0.2289258506126163 0.026401813695090225 0.022020445745273863
0 0.814348803977483 0.20705994097169592 0.046814443244739934 0.023701120413308897
0 0.8423433960502036 0.21705710968780262 0.04721496144333699 0.029951120413308985
0 0.8536919062292364 0.19901563681516565 0.032451554595791875 0.018931807181592396
0 0.7720018152362499 0.16822924512822618 0.032651813695090584 0.022056807181592353
0 0.7140762985788122 0.3131513805686497 0.032551684145441226 0.020494307181592397
0 0.8753561551495022 0.6246787121471306 0.24928768970099568 0.360993083916172
0 0.8854443503229976 0.34411451337679466 0.22911129935400468 0.21860559601642038
0 0.292391977168699 0.8064125847017388 0.02912629549649317 0.015788626463433174
0 0.325655060142121 0.813252937161067 0.04475129549649317 0.015879530054229464
0 0.26874492365264135 0.7666915545493136 0.02570090684754529 0.011082945745273775
0 0.2775086543743099 0.7814898527539156 0.041826554595791876 0.018986349336070064
0 0.29823216455334267 0.7633938377268009 0.03850129549649317 0.015843168617910842
0 0.32314132942045243 0.7984182775201465 0.03840116594684391 0.01428066861791084
0 0.3558536998708031 0.7966648799794745 0.03860142504614252 0.01740566861791102
0 0.3317152930232578 0.7858637353656688 0.03557655459579188 0.01894998789975162
0 0.3139270157253619 0.7765887293155446 0.035176036397194556 0.01269998789975162
0 0.3263571645533427 0.7632302112633679 0.022976425046142522 0.01731476502711473
0 0.34055007248062213 0.7529876028521114 0.02277616594684382 0.01418976502711473
0 0.3488329418512386 0.7724779462362532 0.03557655459579188 0.01894998789975162
0 0.37328222932816735 0.7637387504909794 0.031089313695090492 0.0220477168225127
0 0.3714088486987839 0.7832881812091386 0.03693879549649317 0.015834078258831142