0 0.07265625 0.646875 0.0734375 0.11484375
0 0.47578125 0.13515625 0.0421875 0.0625
0 0.340625 0.35390625 0.05546875 0.06171875
0 0.42421875 0.30703125 0.03671875 0.0375
0 0.3671875 0.375 0.01796875 0.03359375
0 0.38984375 0.3859375 0.0234375 0.03125
0 0.30859375 0.73671875 0.08828125 0.109375
0 0.31796875 0.82265625 0.03671875 0.04140625
0 0.3046875 0.8859375 0.07578125 0.0578125
0 0.35 0.69140625 0.06796875 0.0609375
0 0.35546875 0.62109375 0.08515625 0.14140625
0 0.40859375 0.621875 0.03671875 0.05859375
0 0.540625 0.24453125 0.025 0.04140625
0 0.5546875 0.3171875 0.03203125 0.04453125
0 0.509375 0.33203125 0.021875 0.03984375
0 0.42734375 0.459375 0.03125 0.03515625
0 0.4296875 0.49296875 0.0296875 0.02890625
0 0.515625 0.54765625 0.034375 0.0421875
0 0.421875 0.74765625 0.1125 0.10859375
0 0.421875 0.8859375 0.0171875 0.0328125
0 0.45859375 0.8984375 0.06796875 0.03203125
0 0.56953125 0.89765625 0.025 0.02421875
0 0.72265625 0.90234375 0.025 0.02109375
0 0.790625 0.89921875 0.03046875 0.02734375
0 0.68671875 0.8390625 0.03203125 0.0359375
0 0.65234375 0.79375 0.01484375 0.01640625
0 0.6359375 0.753125 0.0234375 0.040625
0 0.55546875 0.67734375 0.0703125 0.06015625
0 0.6765625 0.42109375 0.02421875 0.03203125
0 0.55625 0.63046875 0.03984375 0.0375
0 0.78828125 0.8234375 0.02734375 0.021875
0 0.87109375 0.73515625 0.03515625 0.03203125
0 0.709375 0.68125 0.01640625 0.0109375
0 0.73828125 0.65234375 0.028125 0.03046875
0 0.6859375 0.6296875 0.01796875 0.01484375
0 0.6890625 0.6046875 0.0296875 0.02421875
0 0.81171875 0.5546875 0.02265625 0.03125
0 0.709375 0.50703125 0.021875 0.02265625
0 0.87578125 0.48828125 0.02265625 0.02578125
0 0.85 0.48125 0.01875 0.0234375
0 0.8515625 0.45703125 0.028125 0.03046875
0 0.81640625 0.0921875 0.02265625 0.01640625
0 0.91875 0.1265625 0.02265625 0.03046875
0 0.88125 0.16484375 0.01953125 0.02265625
0 0.9578125 0.21484375 0.00703125 0.02734375
0 0.94296875 0.240625 0.01953125 0.0171875
0 0.91796875 0.4171875 0.0203125 0.03203125
0 0.9421875 0.3765625 0.02421875 0.01796875
0 0.94453125 0.35234375 0.021875 0.0234375
0 0.9296875 0.325 0.01953125 0.01953125
0 0.89921875 0.3109375 0.02421875 0.01484375
0 0.9015625 0.2859375 0.01953125 0.02265625
0 0.86796875 0.2796875 0.01484375 0.0265625
0 0.8765625 0.2609375 0.01875 0.02265625
0 0.859375 0.21953125 0.02578125 0.025
0 0.8265625 0.24375 0.02421875 0.0203125
0 0.81015625 0.27265625 0.01875 0.02109375
0 0.81484375 0.34453125 0.01796875 0.025
0 0.7625 0.2875 0.01875 0.0265625
0 0.734375 0.303125 0.01953125 0.03046875
0 0.74765625 0.3328125 0.02421875 0.01640625
0 0.7484375 0.4484375 0.02421875 0.02578125
0 0.7578125 0.428125 0.02265625 0.0328125
0 0.74140625 0.421875 0.02109375 0.02734375
0 0.77890625 0.3828125 0.0125 0.015625
0 0.7453125 0.36484375 0.0140625 0.01953125
0 0.75703125 0.35625 0.0140625 0.015625
0 0.77421875 0.36015625 0.021875 0.01875
0 0.75859375 0.375 0.01953125 0.02421875
0 0.5625 0.55078125 0.0078125 0.01640625