0 0.325 0.10390625 0.015625 0.02109375
0 0.35859375 0.1671875 0.01640625 0.028125
0 0.45859375 0.16015625 0.0171875 0.03125
0 0.35625 0.2578125 0.01328125 0.02734375
0 0.43203125 0.2625 0.01640625 0.01640625
0 0.36015625 0.2875 0.01328125 0.021875
0 0.375 0.3234375 0.01484375 0.0234375
0 0.44609375 0.2984375 0.0125 0.0265625
0 0.41875 0.40234375 0.0140625 0.01796875
0 0.47109375 0.40390625 0.0109375 0.01875
0 0.44921875 0.42109375 0.01484375 0.0171875
0 0.425 0.45 0.01171875 0.02109375
0 0.4703125 0.44375 0.0109375 0.01796875
0 0.5546875 0.4203125 0.01171875 0.01953125
0 0.50625 0.4359375 0.009375 0.02421875
0 0.4921875 0.44375 0.015625 0.015625
0 0.47734375 0.4671875 0.0109375 0.02109375
0 0.5375 0.4734375 0.01328125 0.01796875
0 0.5375 0.4890625 0.01171875 0.0203125
0 0.5109375 0.5140625 0.01484375 0.015625
0 0.50546875 0.5515625 0.01484375 0.02109375
0 0.45703125 0.5515625 0.01015625 0.0171875
0 0.46875 0.559375 0.0109375 0.02265625
0 0.46484375 0.590625 0.0125 0.015625
0 0.49296875 0.6 0.01015625 0.021875
0 0.52421875 0.5875 0.01328125 0.0140625
0 0.51171875 0.64296875 0.0078125 0.01953125
0 0.51875 0.72421875 0.01015625 0.01328125
0 0.4765625 0.66484375 0.01171875 0.01875
0 0.50390625 0.74453125 0.009375 0.01875
0 0.50703125 0.76796875 0.009375 0.0140625