0 0.43110003315471734 0.5356948304951666 0.0378475098858317 0.04833934091247087
0 0.8102675628122127 0.6611034184047071 0.04435217787060921 0.05484400889724874
0 0.6184846280215212 0.5828377914461311 0.0362850098858317 0.04827567391627667
0 0.7195152288198239 0.6616711041839818 0.04122717787060921 0.054716674904859805
0 0.22630776239447076 0.4454385395061459 0.03603034190105418 0.04202567391627667
0 0.17632766703337546 0.3903491328900749 0.03421317391627658 0.03571200692008221
0 0.5061583829644369 0.6108911486702245 0.034595175893442943 0.04508700692008212
0 0.30760418334499784 0.46247218920213473 0.024710839923887916 0.03220500494291585
0 0.1400426571475437 0.3448748068063515 0.02796317391627663 0.0354573389353046
0 0.2742186803792483 0.44974669612221696 0.030833505931499073 0.029334672927693362
0 0.9012573187437116 0.6855675661235295 0.052419345855386726 0.061412343878220456
0 0.1120476497331699 0.31080089574165615 0.02458350593149907 0.02908000494291585
0 0.3716321912536632 0.4974255093543591 0.02834517589344294 0.044832338935304604
0 0.3365250207974277 0.4808574332706357 0.02053267589344294 0.04451400395433254