0 0.3591405702884723 0.07399600227631158 0.014389808320625086 0.014717471463952725
0 0.46226752991961817 0.1700832901179838 0.016134146276527872 0.022602746071058544
0 0.3634851910137849 0.19345447766920573 0.016134146276527782 0.02260274607105859
0 0.36094207247267385 0.21860002688341745 0.01602504350298606 0.017915246071058544
0 0.4638670507211808 0.20520315281443086 0.014498911094166544 0.019404971463952682
0 0.4012410705728128 0.269905661705771 0.014498911094166723 0.01940497146395277
0 0.4976439450978475 0.2787112733687608 0.014535278685347208 0.02096747146395277
0 0.42002874458475725 0.33785514102760655 0.016206881458888843 0.025727746071058634
0 0.4817838621759378 0.3365430440469252 0.008321646276527872 0.022238873035529315
0 0.41670502925402814 0.39666721484892414 0.012863675911805572 0.016207196856846906
0 0.49370394034819487 0.41185125910073717 0.016061411094166544 0.019477746071058632
0 0.45869381392329894 0.45336882506417187 0.014462543502986236 0.01784247146395277
0 0.507838522320174 0.3806911503332315 0.009811411094166722 0.01918664764263518
0 0.5262073158231602 0.3970417423515141 0.012863675911805572 0.016207196856846906
0 0.5476640885245836 0.3780541478520322 0.013045513867708358 0.024019696856846906
0 0.5879072288171878 0.3597557580672798 0.011337543502986058 0.017696922249741044
0 0.5047161351617018 0.5153572487616549 0.009811411094166722 0.01918664764263518
0 0.518070773554445 0.5514938019048081 0.012900043502986059 0.017769696856846907
0 0.5479219277147575 0.5571423343697968 0.009956881458888844 0.02543664764263518
0 0.5257001291777782 0.47605715426217293 0.009811411094166722 0.01918664764263518
0 0.5603472329012504 0.4525447256022911 0.009811411094166545 0.01918664764263518
0 0.5866733435585768 0.4411513072814916 0.013009146276527873 0.022457196856846905
0 0.5712308347248616 0.4833216906561031 0.013009146276527873 0.022457196856846905
0 0.5603667231176047 0.520586250209397 0.015952308320624907 0.014790246071058633
0 0.5809337962558685 0.5305776803170208 0.009775043502986237 0.01762414764263518
0 0.5495759999030907 0.5946059470662439 0.011337543502986236 0.017696922249740864
0 0.5655101244281255 0.6071594509951852 0.011373911094166545 0.019259422249741042
0 0.5460353854460422 0.7113032954946673 0.011155705547083273 0.009884422249740865
0 0.5511592965402089 0.7298349716733498 0.013009146276527873 0.022457196856846905
0 0.5486525455902784 0.7565430208875614 0.012863675911805572 0.016207196856846906
0 0.44920840472899337 0.38185769809970116 0.009775043502986058 0.01762414764263518