0 0.35122373612033936 0.09477943471513414 0.014963665946843906 0.014226132001909008
0 0.4455466301679582 0.19673338072881533 0.01702681369509058 0.02205681333545444
0 0.34512632557216627 0.2143288660486796 0.017026813695090494 0.022056813335454527
0 0.34039925277777716 0.2392925033815887 0.016726425046142523 0.01736931333545444
0 0.4440749653008485 0.23189872139558804 0.015264054595791877 0.018913632001908987
0 0.37605734808970026 0.2928720367202248 0.015264054595791877 0.018913632001908987
0 0.471299996917681 0.3072714387332697 0.015364184145441228 0.020476132001908988
0 0.38883914790513013 0.3618220313892247 0.01722707279438911 0.02518181333545444
0 0.45045776835548085 0.3641026940642698 0.00921431369509058 0.021965906667727176
0 0.38039678979328057 0.4203612373885884 0.013501295496493171 0.015770450668363623
0 0.4557577351974887 0.4400021227323151 0.016826554595791875 0.01893181333545435
0 0.4172669316814311 0.47942770206076996 0.015163925046142524 0.017351132001908985
0 0.4725540114156505 0.4097060954009969 0.010576554595791876 0.018859088001272718
0 0.489421336369508 0.42710268073676955 0.013501295496493171 0.015770450668363623
0 0.5124478261904752 0.4093884694064057 0.014001943244739934 0.023582950668363623
0 0.5541241864617931 0.3934549340785873 0.012038925046142523 0.01731476933481808
0 0.45769287014580884 0.544008370066815 0.010576554595791876 0.01885908800127254
0 0.4678398257290498 0.5808725707351787 0.013601425046142524 0.01733295066836362
0 0.49707674275562785 0.5882492660725421 0.01097707279438911 0.025109088001272716
0 0.4820210441122173 0.5059816587364514 0.010576554595791876 0.01885908800127254
0 0.5185791078073076 0.4845157387412238 0.010576554595791876 0.01885908800127254
0 0.5457924498800283 0.4746685714114964 0.013901813695090581 0.022020450668363622
0 0.5267327668143214 0.5158839174092693 0.013901813695090581 0.022020450668363622
0 0.5126609723975623 0.5524663074076784 0.016526165946843818 0.01424431333545435
0 0.532272565550017 0.5636401647437692 0.010476425046142523 0.01729658800127254
0 0.4954548835640442 0.6257583567393148 0.012038925046142523 0.01731476933481808
0 0.510228782392025 0.6392214200747693 0.012139054595791876 0.01887726933481808
0 0.48174523211516973 0.742091881405133 0.011538277297895938 0.00950226933481808
0 0.48523117751937794 0.7608964254057694 0.013901813695090581 0.022020450668363622
0 0.4804039751753394 0.7874225627386785 0.013501295496493171 0.015770450668363623
0 0.4140603909652998 0.4074617953930427 0.010476425046142523 0.017296588001272716