0 0.11568841882654687 0.6804454958161286 0.02214773538950343 0.016771420171816587
0 0.17838328773911455 0.6501681755988834 0.028397735389503388 0.017098968792335613
0 0.1696065312462928 0.5497996834007995 0.03155000892845372 0.018825243102595125
0 0.26904919804754013 0.657261380596409 0.028343188311602673 0.013973968792335612
0 0.27241393140844855 0.5817257920617983 0.015897735389503433 0.016443871551297562
0 0.2986685142001642 0.6549109865438744 0.022093188311602674 0.013646420171816586
0 0.334346915580136 0.6419506411118586 0.023710235389503433 0.016853307326946343
0 0.3081059695578955 0.5695466966297825 0.026780688311602675 0.013892081637205678
0 0.4124895064895265 0.602335942445911 0.01899546185055314 0.015045145861557075
0 0.4131383429346901 0.5500740796010408 0.018940914772652383 0.011920145861557074
0 0.43070767247999486 0.5728498383074682 0.01746023538950343 0.016525758706427317
0 0.46003666233372514 0.5985835006773685 0.022093188311602674 0.013646420171816586
0 0.45299572970416524 0.5529434520568495 0.018940914772652383 0.011920145861557074
0 0.4280854586008469 0.46734014472990326 0.018968188311602675 0.013482645861557074
0 0.4445559383083074 0.5165965162812007 0.025163641233702093 0.0106851944820761
0 0.45261390015886055 0.5310684520568495 0.015897735389503252 0.016443871551297562
0 0.47631049877888876 0.5471405093837959 0.022065914772652385 0.012083920171816587
0 0.4815104675293006 0.4873118080043149 0.018968188311602675 0.013482645861557074
0 0.4971354675293006 0.4881306795556123 0.020530688311602673 0.013564533016686652
0 0.5225991176914564 0.5160033740376884 0.015897735389503433 0.016443871551297562
0 0.5601945750777826 0.5234374157608024 0.02214773538950343 0.016771420171816587
0 0.5610400547852431 0.5718749157608024 0.017351141233702093 0.010275758706427319
0 0.5686480032431156 0.5605656015364511 0.022065914772652385 0.012083920171816587
0 0.5999661870904914 0.5661095946390462 0.015843188311602675 0.013318871551297563
0 0.6088502633893853 0.5384759175698248 0.022038641233702094 0.010521420171816587
0 0.5958047926103786 0.5065708203287868 0.014280688311602674 0.013236984396167628
0 0.6514917309219813 0.5219778143358929 0.018886367694751625 0.008795145861557075
0 0.7326189999967048 0.51920469640264 0.012663641233702094 0.010030097241038049
0 0.6739803855483639 0.5582804845077094 0.018968188311602675 0.013482645861557074
0 0.7531905986167329 0.5351129794193268 0.018913641233702094 0.010357645861557074
0 0.7765735515388322 0.5332162867462731 0.014226141233702094 0.010111984396167806