0 0.59140625 0.44765625 0.0359375 0.04609375
0 0.21796875 0.30703125 0.0421875 0.05234375
0 0.40625 0.39296875 0.034375 0.04765625
0 0.30859375 0.31015625 0.0390625 0.05390625
0 0.7921875 0.54609375 0.034375 0.04140625
0 0.83984375 0.603125 0.0328125 0.03515625
0 0.51953125 0.36953125 0.0328125 0.04375
0 0.71171875 0.52578125 0.0234375 0.03125
0 0.87421875 0.65 0.0265625 0.03359375
0 0.74453125 0.53984375 0.0296875 0.02890625
0 0.128125 0.27890625 0.05 0.05859375
0 0.90078125 0.68515625 0.0234375 0.02890625
0 0.64921875 0.48828125 0.0265625 0.04375
0 0.68359375 0.50625 0.01953125 0.04375