0 0.22354965790105003 0.7302561683233233 0.059902258672817864 0.04565793364502539
0 0.2410313432925019 0.30220389119596014 0.034684082670272606 0.02676248789975162
0 0.09923474196372895 0.267782918519715 0.041097714672181554 0.040861349336070066
0 0.0920045919796373 0.15054542154477707 0.02856135200509067 0.03766362646343309
0 0.17262514660250297 0.47369255093507634 0.03168635200509069 0.03768180718159222
0 0.19561665658818544 0.5793022015008105 0.04424089600572696 0.042442030054229286
0 0.24139223325114018 0.6069141170936592 0.0536340773392725 0.04405907220870695
0 0.30387350457514056 0.6760322766363837 0.04567612667090888 0.03151362041330898
0 0.34848547589118684 0.8036441922292324 0.03473862667090888 0.03144998789975162
0 0.3924172892266413 0.7882737222834617 0.039389764003817974 0.028352258976990542
0 0.26324160327818436 0.4078089965821544 0.03473862667090888 0.03144998789975162
0 0.22555015193350308 0.4911891231437834 0.031722714672181594 0.040806807181592394
0 0.3229411305697317 0.715989656124879 0.03642839600572696 0.04239657825883114
0 0.36068657857259523 0.6951140747427897 0.03319430800445433 0.03300339754067192
0 0.39269964723904977 0.696862927103922 0.02381930800445433 0.032948855386194256
0 0.42695646857100444 0.7072191650036735 0.03159544533736351 0.029869307181592218
0 0.4195161385662319 0.7423345083878152 0.03633748933799978 0.03458407825883114
0 0.3701701192314138 0.7529856620768073 0.04097044533736342 0.029923849336070063
0 0.3890928419000955 0.7382509963857627 0.022165901336727068 0.02512726502711473
0 0.3126405245862764 0.5940464784317818 0.044277258672817864 0.04556703005422928
0 0.3023302805935943 0.5400765959182244 0.0395715773392725 0.04397725897699054
0 0.2691274292648213 0.5062874031980128 0.0536340773392725 0.04405907220870695
0 0.2749598059357302 0.47506921945479136 0.03150453866963625 0.0220568071815924
0 0.31579389127150287 0.4573368187908614 0.041024989337999786 0.03461134933607006
0 0.3446279632797752 0.3965629452542946 0.02685340133672707 0.025154536104353475
0 0.3616614692870931 0.34275214402463056 0.03786362667090888 0.03146816861791084
0 0.39151260128900206 0.32886236084714326 0.03324885200509069 0.03769089754067192
0 0.6353813272995016 0.2529321616840238 0.04091590133672707 0.025236349336070062
0 0.4734796692791388 0.402000399878363 0.028543170671545326 0.03610112646343318
0 0.6804387412874112 0.3422628272768725 0.03462953866963616 0.022074987899751618
0 0.7869876386060028 0.45148381205336624 0.028379538669636162 0.022038626463433176
0 0.35720868459582145 0.5239885084860111 0.04097044533736351 0.029923849336070063
0 0.3881586925923216 0.5499515656676035 0.025290901336727067 0.025145445745273776
0 0.43535186592936687 0.522880526439992 0.028434082670272608 0.026726126463433177
0 0.44325472525463994 0.5823055234149299 0.02674431333545435 0.015779536104353474
0 0.4883314152610033 0.535689598648699 0.040861357336090795 0.02054884933607006
0 0.4762854012571854 0.5637464209556018 0.029905676002545435 0.018922716822512696
0 0.4725785985837311 0.6137282402374427 0.039389764003817974 0.028352258976990542
0 0.465092815245095 0.6527498336215845 0.03626476400381797 0.028334078258831143
0 0.49999452657545873 0.6748293667008758 0.028415901336727067 0.025163626463433175
0 0.4938985205681409 0.7287038004440971 0.039462489337999784 0.03460225897699054
0 0.5283735179026408 0.7203100383438488 0.04414998933799978 0.034629530054229286
0 0.6227502265675046 0.7341412550681655 0.031504538669636165 0.022056807181592218
0 0.6585246419080497 0.681220788147457 0.028361357336090798 0.020476126463433175
0 0.6237138372454132 0.6513287550681656 0.03470226400381797 0.02832498789975162
0 0.5787286012492311 0.6229401346548566 0.03473862667090888 0.03144998789975162
0 0.3778939019335031 0.4920754331540461 0.03473862667090888 0.03144998789975162
0 0.36649332527054834 0.46466350546094903 0.04414998933799978 0.034629530054229286
0 0.3707450206079118 0.43499873135864797 0.02848862667090888 0.031413626463433174
0 0.32855752060791177 0.4347532916634984 0.028379538669636252 0.022038626463433176
0 0.531345618594867 0.5320333335233884 0.025254538669636162 0.022020445745273776
0 0.5406564365850037 0.6047486708574061 0.025363626670908877 0.031395445745273774
0 0.532607579248913 0.6250157190620079 0.029942038669636163 0.0220477168225127
0 0.5261212219128222 0.6452918576256895 0.03459317600254543 0.01894998789975162
0 0.573977466581822 0.6283816135776178 0.03782726400381797 0.028343168617910842
0 0.844934309237777 0.7088695860574713 0.03791817067154497 0.03615566861791066
0 0.5680098245942306 0.5369344569617596 0.03306703866963616 0.0220658975406721
0 0.558235382598685 0.5040628696277419 0.031613626670909056 0.03143180718159222
0 0.5767495726050482 0.45729240875715754 0.022093176002545435 0.01887726502711473
0 0.6014132179344576 0.4863441045024315 0.025290901336727067 0.025145445745273953
0 0.6566007046069573 0.44369351707021815 0.028379538669636162 0.022038626463433176
0 0.6355973139322304 0.5029503424021831 0.028397720003181703 0.023601126463433174
0 0.6907569812619577 0.5298355501495096 0.028343176002545434 0.018913626463433177
0 0.7731700392664121 0.4975002940011894 0.022093176002545255 0.01887726502711473
0 0.6496138132559126 0.5741304508134395 0.015915901336727066 0.02509090359079611
0 0.610151871260367 0.5410861466569091 0.025327264003817972 0.028270445745273775
0 0.634497343252731 0.5974815924021831 0.031413632001908984 0.01424430718159222
0 0.6365683732495493 0.6209327279408026 0.028397720003181703 0.023601126463433174
0 0.6519388345799131 0.6428986315315987 0.025363626670908877 0.031395445745273955
0 0.6824348565802312 0.6407321435336513 0.040952264003817976 0.02836134933607006
0 0.7210160985837311 0.6151736073311019 0.0314863573360908 0.02049430718159222
0 0.7987774719128222 0.6468781252850828 0.045530676002545435 0.019013620413308986
0 0.7897382792409589 0.685109378310145 0.03163180800445442 0.03299430718159222
0 0.8593417072326865 0.7464559444687277 0.037936352005090865 0.037718168617910844
0 0.8743849045592322 0.7965468480595238 0.022202264003817973 0.028252265027114733
0 0.8025479092536856 0.591427556003242 0.03617385733609062 0.020521578258831143
0 0.8277388132559127 0.5751667517485158 0.042623852005090515 0.03774543969514958
0 0.8414104145846857 0.6088423149802324 0.04400453866963616 0.022129530054229286
0 0.8417098592457313 0.6502531101597722 0.025218176002545434 0.018895445745273777
0 0.8785564259230035 0.5723371884186035 0.022384077339272324 0.04387726502711473
0 0.8778928072485949 0.6293684384186035 0.031849984006999676 0.05174430718159222
0 0.8873218039067771 0.691927525752621 0.025399989337999786 0.03452044574527378
0 0.5088706345878673 0.5834685684962738 0.02685340133672707 0.025154536104353475