0 0.4309883203619952 0.688520170422664 0.0376908975406721 0.03521560919158375
0 0.537118204918656 0.031180434920633538 0.05964771077238851 0.0506799228866742
0 0.48415474785870066 0.5437595805094118 0.047111349336070064 0.04362888648947951
0 0.5057984645830176 0.447876581589146 0.04710225897699054 0.04206638648947951
0 0.5013836753554062 0.4013019702380939 0.0376727168225127 0.032090609191583755
0 0.4024724349215717 0.7575100023163518 0.034547716822512696 0.031890350092285046
0 0.34167985978599846 0.8707399899778508 0.04394089754067192 0.03561612739018116
0 0.4408405642136752 0.6058881431247681 0.04707498789975162 0.03737888648947969
0 0.5487268288480064 0.31782933374861433 0.04709316861791084 0.04050388648947969
0 0.5772023285534187 0.12154581662975117 0.05337043969514958 0.045591904688076924
0 0.5633983829063408 0.2122406678017704 0.047129530054229284 0.04675388648947969
0 0.3537167723537851 0.8153015183554808 0.0376727168225127 0.032090609191583755