0 0.6792585573333629 0.9235803413410382 0.11818949400955017 0.07411018657189175
0 0.15346237213200214 0.523432433939613 0.06397321996293312 0.042551114363184796
0 0.37693213238362117 0.6573160336684666 0.06446429328391083 0.056613614363184794
0 0.3271379743089204 0.5739949944408551 0.03880952885594056 0.03771816861791066
0 0.3970982994439966 0.6306308138208918 0.035029764427970275 0.01894998789975162
0 0.40724462576019926 0.6079109313073344 0.03206845553496294 0.023619307181592396
0 0.7608631882814036 0.6871201456939602 0.11243056733052796 0.0881363251355733
0 0.8464733060674187 0.6772451759445813 0.04193452885594055 0.03773634933607006
0 0.9102183475372309 0.6901582664018567 0.06048612141421188 0.07689884328594587
0 0.714104750169636 0.6459775161072692 0.06333830290255768 0.06910452400410509
0 0.6436012772114781 0.640917832265852 0.14357143992586607 0.08519313231716552
0 0.642527361332229 0.5877882870863121 0.060684528855940556 0.03784543364502539
0 0.2605729784852716 0.45795235880403984 0.0414980192372937 0.025236349336070062
0 0.33273815516429395 0.44346715710683765 0.04484127404661713 0.031504530054229284
0 0.3491642525318887 0.4886932986955812 0.04138889183263199 0.022111349336070063
0 0.4793725969042587 0.5699836844305924 0.03546627404661713 0.03144998789975162
0 0.5128845013507624 0.5674444917103806 0.029161710344286364 0.029851126463433176
0 0.5645709977225654 0.4811888291425939 0.04338790145127884 0.03462043969514959
0 0.7678448198624166 0.573775263180403 0.11330358656782166 0.1131363251355733
0 0.9061260698624167 0.5729707664018567 0.033412700725639156 0.01737839754067192
0 0.9173438228576416 0.5361792935292199 0.03365080290255769 0.06893180718159223
0 0.9126885499921509 0.4252463387087596 0.025873019237293703 0.025145445745273776
0 0.9120288071637269 0.2720940676315208 0.022748019237293703 0.025127265027114643
0 0.9065302861123345 0.20414349834968 0.029216274046616773 0.031413626463433174
0 0.8500025223173366 0.30839972717424524 0.03702877404661677 0.03145907825883114
0 0.8058904237686153 0.3430383475875542 0.016170637023308388 0.0157159035907962
0 0.7658383426430895 0.3596809469236243 0.04144345553496294 0.023673849336070064
0 0.6928671233131285 0.44059057933898577 0.061830366604888456 0.0706579336450254
0 0.43238843638248714 0.32098764822804304 0.0321230192372937 0.025181807181592398
0 0.6459648414619631 0.44008204011137425 0.03891865626060227 0.04084316861791084
0 0.8308308816658311 0.20692813076504146 0.02285714664195524 0.028252265027114642
0 0.7396577554422956 0.12462923605303985 0.032450401451278844 0.034556807181592354
0 0.6913988486335392 0.28666160344128666 0.011483137023308564 0.015688632513557364
0 0.6614831701404184 0.25792352508425964 0.032232146641955416 0.028306807181592397
0 0.6406548041685021 0.3103990852909141 0.01627976442797028 0.0188409035907962
0 0.6155456767638403 0.3074195310361879 0.02603671034428636 0.029832945745273863
0 0.5612624261308682 0.1850541725267357 0.032013891832631994 0.022056807181592353
0 0.5171800986335392 0.2876751784786641 0.022638891832631992 0.022002265027114644
0 0.49261906433530306 0.12137801278761946 0.02576389183263199 0.022020445745273863
0 0.48648811542376214 0.14720016940347774 0.02409226442797028 0.018886355386194254
0 0.46221480172143126 0.14577856996921182 0.032232146641955416 0.028306807181592352
0 0.09859873502387555 0.18305741881430254 0.01638889183263199 0.0219659035907962
0 0.1293998125212045 0.08051368091455097 0.032013891832631994 0.022056807181592353
0 0.16899059137714506 0.11779096711710033 0.022529764427970278 0.01887726502711464
0 0.21631696996293312 0.040937575626552564 0.028343254809323426 0.0064136264634331195
0 0.24261657513507623 0.055631334701738866 0.017842264427970277 0.01884999394987581
0 0.4200520943723699 0.07960412412574207 0.03195932813030104 0.020494307181592352
0 0.3785813569862417 0.055621723461812135 0.019623019237293704 0.02510908430895542
0 0.35428076143274534 0.053418874027546207 0.02420139183263199 0.022011355386194274
0 0.3274553666048885 0.06842170531143951 0.01940476442797028 0.018859084308955422
0 0.3144568588003402 0.09897226854315608 0.016498019237293705 0.025090903590796177
0 0.2893750132468439 0.09677396428842996 0.022529764427970278 0.01887726502711464
0 0.2842981328469573 0.13040407572474844 0.027108137023308564 0.015779536104353474
0 0.26524803248413764 0.12191941003370384 0.022529764427970278 0.01887726502711464
0 0.22444198320977704 0.13934780454931373 0.025873019237293703 0.025145445745273866
0 0.249806570958725 0.17201940398357965 0.021185519237293705 0.02511817466803503
0 0.279285739833199 0.1882574823406067 0.022529764427970278 0.01887726502711464
0 0.3509970487262064 0.1831518258229443 0.025654764427970277 0.018895445745273864
0 0.2957936827542901 0.23582737392935033 0.02721726442797028 0.018904536104353477
0 0.3124008293962455 0.2638614703385541 0.03190476442797028 0.018931807181592396
0 0.3416245379264332 0.25040750351604146 0.016498019237293705 0.02509090359079611
0 0.4572222560752678 0.2489535669441497 0.025873019237293703 0.025145445745273953
0 0.4365823738612827 0.23969674161218474 0.03357639183263199 0.022065897540671918
0 0.4309052927357566 0.2561393530485032 0.02888889183263199 0.022038626463433086
0 0.39053326387981613 0.21886661202549368 0.01606150961864685 0.012590903590796199
0 0.3737376334799295 0.25256490115490926 0.01924107332097762 0.014171584308955331
0 0.3647346557124481 0.2408961481298472 0.016116073320977708 0.01415340359079611
0 0.3680407049868087 0.22368592223214812 0.01951389183263199 0.02198408430895542
0 0.38343009201011724 0.23922456382089177 0.025654764427970277 0.018895445745273954
0 0.5660590866526396 0.4342956484244347 0.015897818511654192 0.007903403590796287