0 0.22578125 0.225 0.0484375 0.0625
0 0.55078125 0.21640625 0.0546875 0.07109375
0 0.25234375 0.33828125 0.0421875 0.05234375
0 0.69453125 0.246875 0.0546875 0.06875
0 0.4375 0.190625 0.05625 0.07265625
0 0.73671875 0.14609375 0.0359375 0.059375
0 0.7671875 0.16640625 0.05078125 0.0640625
0 0.80859375 0.2609375 0.034375 0.05859375
0 0.8390625 0.29453125 0.03359375 0.03203125
0 0.803125 0.409375 0.03671875 0.0453125
0 0.7671875 0.42109375 0.02890625 0.034375
0 0.89921875 0.76171875 0.02890625 0.04140625
0 0.1171875 0.340625 0.05 0.05703125
0 0.0984375 0.30234375 0.03828125 0.04140625
0 0.04453125 0.37578125 0.02109375 0.02890625
0 0.0859375 0.378125 0.03828125 0.04765625
0 0.0765625 0.465625 0.046875 0.0578125
0 0.13125 0.41484375 0.0359375 0.05390625
0 0.1125 0.48359375 0.0296875 0.04375
0 0.04921875 0.52109375 0.02109375 0.040625
0 0.15078125 0.4515625 0.046875 0.0453125
0 0.18984375 0.47890625 0.03828125 0.03515625
0 0.25859375 0.44453125 0.0296875 0.046875
0 0.578125 0.31171875 0.0359375 0.0484375
0 0.49453125 0.3625 0.0390625 0.03984375
0 0.4296875 0.4203125 0.03984375 0.05078125
0 0.46640625 0.4234375 0.02421875 0.02734375
0 0.2296875 0.546875 0.03515625 0.04375
0 0.19140625 0.715625 0.03125 0.03828125
0 0.22578125 0.79921875 0.0328125 0.05546875
0 0.2703125 0.85546875 0.03125 0.04453125
0 0.3015625 0.88515625 0.02734375 0.02578125
0 0.3625 0.88203125 0.02265625 0.02109375
0 0.6453125 0.39765625 0.03828125 0.04609375
0 0.67109375 0.4296875 0.02421875 0.03046875
0 0.6234375 0.48515625 0.025 0.0375
0 0.58203125 0.46953125 0.02890625 0.0328125
0 0.540625 0.46953125 0.0296875 0.046875
0 0.49609375 0.459375 0.0328125 0.04140625
0 0.4421875 0.4984375 0.02421875 0.025
0 0.575 0.70859375 0.03046875 0.02734375
0 0.49375 0.66640625 0.0265625 0.028125
0 0.53125 0.6203125 0.0234375 0.040625
0 0.44140625 0.50390625 0.02578125 0.0328125
0 0.428125 0.478125 0.03359375 0.025
0 0.2890625 0.49453125 0.03515625 0.0421875
0 0.2296875 0.54453125 0.0328125 0.0421875
0 0.4609375 0.5359375 0.025 0.0171875
0 0.465625 0.58359375 0.0234375 0.0328125
0 0.453125 0.6265625 0.0296875 0.034375
0 0.3828125 0.53984375 0.03515625 0.04296875
0 0.3828125 0.58828125 0.02890625 0.040625
0 0.36953125 0.65859375 0.03125 0.04296875
0 0.38359375 0.70234375 0.03359375 0.0359375
0 0.33359375 0.74375 0.0375 0.0375
0 0.32421875 0.53203125 0.05625 0.03671875
0 0.37109375 0.48671875 0.02734375 0.034375
0 0.33984375 0.49375 0.03046875 0.0375
0 0.27734375 0.57109375 0.034375 0.03359375
0 0.278125 0.53203125 0.03359375 0.0359375
0 0.23828125 0.5921875 0.034375 0.028125
0 0.234375 0.625 0.040625 0.034375
0 0.2203125 0.6609375 0.0234375 0.0421875
0 0.25390625 0.73125 0.02578125 0.03984375
0 0.29921875 0.69609375 0.03828125 0.03828125
0 0.28359375 0.728125 0.02421875 0.03046875
0 0.34375 0.80859375 0.0359375 0.0375
0 0.40625 0.803125 0.0234375 0.0265625
0 0.3734375 0.8328125 0.021875 0.02578125
0 0.4 0.85234375 0.02421875 0.03046875
0 0.32421875 0.5890625 0.053125 0.0578125
0 0.30859375 0.63046875 0.0484375 0.0484375
0 0.4421875 0.54296875 0.02109375 0.03671875
0 0.6125 0.09609375 0.05625 0.03046875