0 0.21530170657675654 0.21843043659302258 0.05134848428423426 0.06390938730530316
0 0.5407019669158387 0.2003801524155049 0.058035131926869356 0.07346624373179385
0 0.23658804756158186 0.33093879678043703 0.04466183664159917 0.05435253087881238
0 0.6830328620772745 0.22666620460621822 0.05788958271265763 0.07034124373179385
0 0.4286214979330854 0.17789505014564927 0.05959763192686953 0.07351170783841657
0 0.7299143242356023 0.12465742372740585 0.03870293507002263 0.06042067445232169
0 0.7594370043432261 0.14408337364826357 0.052983758891340216 0.06551735141192579
0 0.7964403906133218 0.23740982482276252 0.037140435070022626 0.06037521034569897
0 0.8253444865605459 0.27011702474362026 0.03583049214211727 0.03225021034569897
0 0.7840580529382655 0.38600644919594196 0.03961046360606986 0.04640363855894432
0 0.7475747433849713 0.3987708736482636 0.029726041356328992 0.03519335391920828
0 0.8637411290358944 0.7355541566386471 0.030017139784752088 0.04144335391920819
0 0.1013226356509231 0.3372151920032989 0.0526198858558109 0.05770485141192579
0 0.0843556135250166 0.29947951128277106 0.03939213978475231 0.041716138558944314
0 0.027028956991041297 0.3744855229612536 0.023184942927905426 0.028761497492717503
0 0.06832604508038251 0.3756244741357525 0.03968323821317572 0.04796613855894431
0 0.05487566708245449 0.46339725877548865 0.04956766046291672 0.05917642319868044
0 0.11192834181339487 0.4110247650436948 0.038411836641599174 0.0541706744523216
0 0.08997625910073714 0.48032033432316695 0.031725188998963996 0.044613818025830906
0 0.02494841853019656 0.5196616306413855 0.02376713978475229 0.04126149749271768
0 0.12974938854640722 0.4471752137109113 0.048985463606069854 0.04667642319868044
0 0.16753833292205472 0.47338236104534426 0.03910104135632886 0.035466138558944316
0 0.23788937427838358 0.4370069403539462 0.03187073821317572 0.04773881802583091
0 0.5636064658823814 0.29489703054960803 0.038193512820281585 0.0494831744523216
0 0.47764754115144104 0.3481106102539214 0.040954639784752264 0.041761602665567034
0 0.4101111306885244 0.4078098706787626 0.042953787427387445 0.051182066772189574
0 0.44668433147431263 0.40986646417312966 0.02630994292790554 0.028852425705962935
0 0.2042163875129499 0.540191776326466 0.036412688998963993 0.04475021034569906
0 0.15807547994551732 0.7100556469387216 0.032996590570540586 0.03840928213245363
0 0.18855703846535393 0.7926491865930225 0.035432385855810856 0.05720474623907634
0 0.23046840260954307 0.8476034595542762 0.03328768899896399 0.044659282132453626
0 0.2603356850745318 0.8763816774218226 0.029289393713693723 0.02581835391920819
0 0.32141873428874346 0.8714835772635379 0.022893844499481997 0.022511497492717324
0 0.6267913624915593 0.3788795739648327 0.03968323821317572 0.04796613855894431
0 0.6510807330458892 0.4101606662055584 0.026455492142117086 0.03197742570596276
0 0.6008409844936313 0.4670160714575502 0.02674659057054072 0.038227425705962756
0 0.5601624805646899 0.4525958702830513 0.029653266749222952 0.03363085391920819
0 0.5187562305646899 0.4538006691085523 0.03187073821317572 0.04773881802583091
0 0.474698015510878 0.44494014614729877 0.034704639784752446 0.04157974623907634
0 0.4189724003332316 0.48557115782578125 0.026164393713693813 0.025727425705962936
0 0.5419967156774936 0.6918629587628533 0.03255994292790554 0.029034282132453626
0 0.4627116300693519 0.6520395923072327 0.027872442927905538 0.028897889812585655
0 0.5023584809789746 0.6048547037482884 0.025329639784752268 0.04130696159934022
0 0.417936439208361 0.4910626398790926 0.02652826674922295 0.03353992570596276
0 0.4058559702256076 0.46566783478538537 0.035539393713693815 0.02600021034569906
0 0.26602933685099617 0.48612039027480397 0.03633991439185813 0.04318771034569906
0 0.2043255494236087 0.5378480263264659 0.03477741439185813 0.043142246239076344
0 0.43597580976269085 0.522525588546309 0.025800520678164317 0.01791492570596276
0 0.4384436842459623 0.570045446226441 0.02496576674922295 0.03349446159934022
0 0.42394238255055117 0.6133779090794225 0.03128854135632899 0.03523881802583091
0 0.3576688732449263 0.5287050438774431 0.036412688998963993 0.04475021034569906
0 0.3554128604246447 0.5771425438774431 0.03001713978475227 0.04144335391920819
0 0.3388567531048811 0.6478414887837359 0.03328768899896399 0.044659282132453626
0 0.35088156410591714 0.6911823118241317 0.03604881596343468 0.03693771034569906
0 0.29895303701761183 0.7340434132360576 0.03924659057054054 0.03859113855894432
0 0.2994389962804555 0.5225974478757938 0.05799659057054054 0.039136707838416385
0 0.3484244598865255 0.4759210246771133 0.029726041356328815 0.03519335391920819
0 0.3168469741545491 0.48386155680956683 0.03299659057054054 0.03840928213245363
0 0.2507446311028091 0.5630238710744742 0.035976041356328814 0.03537521034569906
0 0.2533452462804555 0.5239386390211628 0.03604881596343468 0.03693771034569906
0 0.21069967390688005 0.5852542237400412 0.03568494292790545 0.029125210345699058
0 0.205265157157657 0.6181803840065978 0.04222604135632881 0.035557066772189574
0 0.18952884119422234 0.654527060966202 0.02540241439185813 0.04286946159934022
0 0.21984773387445875 0.7238620826738144 0.026892139784752266 0.04135242570596276
0 0.2667976625343405 0.6873873735817566 0.03924659057054054 0.03859113855894432
0 0.24968078308867048 0.7198732646479834 0.026455492142117086 0.03197742570596294
0 0.30608914082271876 0.7985916465430101 0.03768409057054054 0.03854567445232178
0 0.3688438519475893 0.7913043322781029 0.024674668320799585 0.02724446159934022
0 0.33464863441257797 0.8219465785171792 0.023039393713693724 0.02563649749271768
0 0.3603014518237548 0.8407049387045937 0.026455492142117176 0.03197742570596276
0 0.2967827231210918 0.5796286978757937 0.055817660462916766 0.059358279625171304
0 0.2792291960327865 0.6214895889420206 0.05069351282028158 0.04984688730530316
0 0.4168983240307146 0.5301024078257812 0.02362159057054054 0.038136497492717504
0 0.6080243616629898 0.07827182020390899 0.057705492142117086 0.03288670783841652