0 0.7758567724990352 0.21290055786487372 0.06069345909205772 0.04981166846619489
0 0.7758139377136498 0.6419727512261779 0.03514788981258547 0.02916728174358667
0 0.9189789160060375 0.6647921767413427 0.04180706677218993 0.04370337842423862
0 0.9309824740027384 0.7813284813054461 0.029216138558944494 0.039631185062934546
0 0.8372191359851548 0.46506578649424934 0.03234113855894449 0.03986798340326061
0 0.809931558788124 0.3614322236317763 0.04497753087881229 0.045502676764564674
0 0.7630421869222269 0.33758124915158544 0.054397994985435 0.047775571785542856
0 0.697760516230829 0.2736264155431879 0.04622178213245363 0.034683575934727706
0 0.6479614415410805 0.14977544106299714 0.035284282132453625 0.03385478174358649
0 0.6046660826073074 0.1687156178275618 0.03988085391920819 0.031084979254075586
0 0.7493076105166188 0.5382799887786233 0.035284282132453625 0.03385478174358667
0 0.7835940308123054 0.4519038582797922 0.03243206677218975 0.04299298340326043
0 0.6770699315119506 0.2352626551702257 0.03716503087881229 0.04491068091374952
0 0.6401836969513568 0.25919798525413834 0.03376724623907634 0.035298882573423465
0 0.6081069828447342 0.2600626682424803 0.02439224623907634 0.03458848755244537
0 0.5734364661516868 0.25251119998606686 0.03211381802583091 0.03205548340326052
0 0.5794447737526764 0.21682215372033325 0.03693771034569906 0.03709818091374952
0 0.6283452750063176 0.20215507986019796 0.04148881802583091 0.032765878424238615
0 0.6100271840192331 0.21841961990215428 0.022602425705962936 0.026657588382282337
0 0.6923348818285198 0.35624966139400305 0.04506845909205772 0.04862767676456468
0 0.7048408935070023 0.40932711720286197 0.040335494985435004 0.046709979254075586
0 0.7394121217993899 0.44037528504435686 0.054397994985435 0.047775571785542856
0 0.7348526539318435 0.4720396821399275 0.03188649749271768 0.024242983403260608
0 0.6947504911580044 0.4930868105641661 0.04162521034569906 0.03745337842423861
0 0.6683985913162889 0.5561554956271004 0.027289925705962937 0.027012785892771517
0 0.6535608529947714 0.6113049369138123 0.03840928213245363 0.034091580083912554
0 0.6242825299543756 0.6276170211469096 0.033903638558944314 0.03998638257342364
0 0.3835642532321983 0.7233718421072599 0.04135242570596294 0.028078378424238614
0 0.5393559489964209 0.5612359271655499 0.029170674452321778 0.03806868506293455
0 0.33487904915470545 0.6378021176270692 0.0350114974927175 0.024479781743586494
0 0.22390679374442915 0.5373779103683178 0.028761497492717503 0.02400618506293455
0 0.6506307666265404 0.42987733815856777 0.04148881802583091 0.032765878424238615
0 0.6186306088672662 0.4064640715618282 0.02572742570596276 0.026894386722608486
0 0.572551230733163 0.4373597966667189 0.028897889812585474 0.02869368506293455
0 0.5622298446815013 0.37863599210261556 0.027017141066226814 0.01763778589277134
0 0.5190625178801817 0.4288853684522618 0.04121603338609496 0.023390878424238613
0 0.5299629139609734 0.3998723746760391 0.030233069279472245 0.02099958423309749
0 0.5316330625490476 0.349635576335713 0.03988085391920819 0.031084979254075586
0 0.5375277098834805 0.3100402800699794 0.036755853919208194 0.030848180913749523
0 0.5017349623907631 0.29082926139864745 0.028852425705962758 0.02713118506293437
0 0.5056352007122806 0.23650861430307685 0.04006271034569906 0.037334979254075584
0 0.47151025329870533 0.2477071460466634 0.04475021034569906 0.037690176764564674
0 0.3765925583924125 0.24158904584152632 0.031886497492717505 0.02424298340326043
0 0.3429820880175837 0.2973780271701944 0.028716033386094873 0.02244368506293437
0 0.3790021560434146 0.3244015458415263 0.03519335391920819 0.030729781743586492
0 0.4251330099626228 0.3490929699067986 0.035284282132453625 0.03385478174358649
0 0.6312502808123054 0.46344777737068704 0.035284282132453625 0.03385478174358649
0 0.6437646526782024 0.4899035335944643 0.04475021034569906 0.037690176764564674
0 0.6407222207040333 0.519887031519872 0.029034282132453626 0.03338118506293455
0 0.6829097207040332 0.5166902539254703 0.028761497492717503 0.02400618506293455
0 0.4762074281467384 0.43604759563174494 0.025636497492717503 0.023769386722608487
0 0.46393709718878373 0.36416094023780454 0.025909282132453627 0.03314438672260831
0 0.47115856380268883 0.34325644438698943 0.030323997492717504 0.02412458423309749
0 0.47681753041659397 0.32247034770633737 0.03492056927947225 0.021354781743586494
0 0.4296613855894435 0.34326902239630963 0.038318353919208195 0.030966580083912554
0 0.15549044820499808 0.28496422800467575 0.03854567445232169 0.03877908008391255
0 0.4393522858268703 0.434142476130576 0.0334489974927175 0.024361382573423462
0 0.45046328206594666 0.4661853815245163 0.03215928213245363 0.03361798340326061
0 0.4338584552646271 0.5144219719813912 0.022420569279472245 0.020407588382282425
0 0.40801736929210747 0.4874101087039994 0.025727425705962936 0.026894386722608486
0 0.3545801322242312 0.5345228296597053 0.028761497492717503 0.02400618506293455
0 0.37316499617256926 0.47360864044758594 0.02880696159934022 0.025568685062934547
0 0.3169233563599837 0.45124931098837334 0.028670569279472157 0.02088118506293455
0 0.23584685259906002 0.4902777674219321 0.02242056927947216 0.020407588382282425
0 0.35625262932123725 0.40363968256413474 0.016352425705962938 0.026183991701630306
0 0.39705112556031363 0.4334330037249776 0.02581835391920819 0.03001938672260831
0 0.3704144177218971 0.37907739044758604 0.031659176959604095 0.01643048340326043
0 0.36738870612255686 0.3558174892028306 0.02880696159934022 0.02556868506293437
0 0.3511272086298393 0.3351264809044608 0.025909282132453627 0.0331443867226084
0 0.32072665478977336 0.3397790147226397 0.04144335391920828 0.031203378424238613
0 0.2831955625490476 0.36846104439163385 0.031841033386094876 0.022680483403260433
0 0.20416128041659398 0.34313100289978504 0.045858069279472155 0.022183575934727705
0 0.2116411598043383 0.3041985574638884 0.03220474623907634 0.03518048340326052
0 0.13955555964605373 0.24858902012122447 0.03859113855894436 0.04034158008391255
0 0.12247570823412794 0.19977301182285473 0.022693353919208282 0.029782588382282336
0 0.20265025620169913 0.3988365512401111 0.03652853338609487 0.023035680913749523
0 0.17812762932123732 0.4171371879627195 0.04327863855894436 0.04069677759440164
0 0.16308765102884965 0.38460903049418665 0.0443864974927175 0.025190176764564677
0 0.16110160220334863 0.34326198007926817 0.025545569279472158 0.020644386722608397
0 0.12743730753448265 0.4241101609930178 0.023147994985435093 0.04540758838228243
0 0.12577786764275484 0.3670789109930177 0.03279577962517113 0.055492983403260435
0 0.11380305337784757 0.3053485055990774 0.026000210345698972 0.0362693867226084
0 0.49658211262818985 0.3828275072494626 0.027289925705962937 0.02701278589277134