0 0.1453125 0.55390625 0.01640625 0.028125
0 0.2421875 0.571875 0.0140625 0.028125
0 0.203125 0.51484375 0.0140625 0.0328125
0 0.24140625 0.62109375 0.0109375 0.02734375
0 0.3109375 0.59296875 0.0125 0.02265625
0 0.35390625 0.48203125 0.01875 0.04765625
0 0.396875 0.48515625 0.0140625 0.03671875
0 0.4125 0.60859375 0.01484375 0.028125
0 0.4578125 0.43671875 0.01640625 0.0484375
0 0.46875 0.53203125 0.02109375 0.059375
0 0.51796875 0.459375 0.00859375 0.03046875
0 0.4703125 0.49375 0.0125 0.01796875
0 0.49140625 0.553125 0.015625 0.02578125
0 0.4515625 0.63125 0.0140625 0.02421875
0 0.528125 0.58046875 0.0140625 0.028125
0 0.58125 0.434375 0.01640625 0.04140625
0 0.55 0.534375 0.0125 0.028125
0 0.5671875 0.54921875 0.0125 0.03046875
0 0.59765625 0.55703125 0.0125 0.02578125
0 0.57421875 0.590625 0.015625 0.03203125
0 0.65 0.5578125 0.0109375 0.0234375
0 0.67578125 0.571875 0.01484375 0.04453125
0 0.684375 0.59140625 0.00859375 0.021875
0 0.70859375 0.58515625 0.01171875 0.02578125
0 0.759375 0.5734375 0.01875 0.0390625
0 0.78125 0.56484375 0.01640625 0.03359375
0 0.80625 0.4609375 0.01640625 0.0515625
0 0.82734375 0.53671875 0.01796875 0.0390625
0 0.85546875 0.51796875 0.0125 0.02265625
0 0.83359375 0.59296875 0.0125 0.03046875
0 0.97578125 0.3875 0.0171875 0.03515625
0 0.9421875 0.55 0.01796875 0.040625