0 0.8960130784409046 0.4567605404040854 0.05841306956195354 0.12380884059717552
0 0.7752196132218814 0.3878634389111466 0.031839861884498964 0.0550916915859113
0 0.5637418917986718 0.5716982174879371 0.04405563861970414 0.09637225544788172
0 0.37895090060074815 0.3177598444555733 0.04096348960843983 0.07438799480421991
0 0.4243233847613063 0.28638951215627106 0.019700494804219915 0.037139367080279054
0 0.2677730999803295 0.33589284939925185 0.05357275025210155 0.0768245799535138
0 0.2902761666922915 0.2723055968013618 0.06240144703379293 0.06966764381548422
0 0.16587174639370378 0.2887286362739156 0.02380884059717552 0.051420388367602585
0 0.1253178022099025 0.29609873986054136 0.04765053218308672 0.08107503737886682
0 0.08416827832468897 0.2783049524816745 0.04677644703379287 0.0685750373788668
0 0.054399742787407536 0.5580635082978732 0.04630655347041022 0.08409077673520518
0 0.054120509383154006 0.3711972928267485 0.03940098960843981 0.07427873416055819