0 0.041161453209650714 0.6038000293986421 0.05700740514873237 0.12293288896415219
0 0.1626577506352845 0.6574053069882619 0.03121917889684287 0.05459896879233561
0 0.37182616623677345 0.44939033186434846 0.04296031570031093 0.09571529172311415
0 0.5594193585701446 0.6786706388526105 0.03856124203690499 0.07367651741285464
0 0.5144484928133639 0.7152975356186786 0.019280621018452494 0.03683825870642714
0 0.6702959453877301 0.6471572879935278 0.052714747298576906 0.07597600180902227
0 0.6485504770283483 0.7129427402775199 0.061634720990217676 0.06865482473980081
0 0.7726628112150979 0.6815145985998343 0.023224668373499215 0.051064533016686654
0 0.813098095415965 0.6692702261440256 0.0467377630835923 0.08033595318850324
0 0.8544210454300825 0.6819030229555224 0.044447220990217674 0.06775406603337349
0 0.8809127399001794 0.4009020064471791 0.04535727360693613 0.08337906603337367
0 0.8833643637612294 0.5861434656285761 0.03856124203690499 0.07367651741285464