0 0.13828125 0.4921875 0.01875 0.03828125
0 0.1890625 0.45 0.01171875 0.03359375
0 0.22890625 0.50625 0.01328125 0.03515625
0 0.21328125 0.5546875 0.01015625 0.02734375
0 0.30390625 0.52578125 0.009375 0.03203125
0 0.38828125 0.40859375 0.02421875 0.053125
0 0.465625 0.36328125 0.01875 0.04609375
0 0.38203125 0.4359375 0.0109375 0.021875
0 0.39609375 0.521875 0.009375 0.0171875
0 0.42109375 0.5 0.0125 0.03515625
0 0.434375 0.50078125 0.009375 0.01953125
0 0.453125 0.4265625 0.01015625 0.02890625
0 0.4828125 0.37890625 0.00859375 0.0171875
0 0.475 0.45 0.02421875 0.05546875
0 0.4828125 0.4796875 0.01484375 0.028125
0 0.5453125 0.453125 0.015625 0.03359375
0 0.5421875 0.50625 0.01484375 0.03515625
0 0.6125 0.3578125 0.0171875 0.04453125
0 0.57109375 0.44609375 0.0125 0.0234375
0 0.55859375 0.46796875 0.0109375 0.03125
0 0.58203125 0.50859375 0.00859375 0.028125
0 0.63046875 0.4796875 0.0125 0.0234375
0 0.68671875 0.47421875 0.01796875 0.0328125
0 0.67890625 0.49375 0.01171875 0.0296875
0 0.67578125 0.51171875 0.01171875 0.03046875
0 0.74609375 0.49765625 0.01171875 0.01953125
0 0.775 0.48515625 0.0203125 0.04140625
0 0.7890625 0.47578125 0.01484375 0.034375
0 0.8078125 0.37734375 0.02109375 0.05
0 0.81171875 0.44765625 0.0125 0.03203125
0 0.82265625 0.48828125 0.0125 0.03125
0 0.8515625 0.44453125 0.01484375 0.0328125