0 0.8705826501588605 0.5680697449794468 0.01943183847375849 0.04037362772394086
0 0.8205377857105196 0.6067062740604404 0.013100017856907443 0.03524908514929379
0 0.7797121883083074 0.5476701276470661 0.013100017856907443 0.03524908514929379
0 0.794491708600847 0.5003252340836836 0.009865923701106106 0.02878056386197052
0 0.7043712690714281 0.5228943667513029 0.009920470779006863 0.03190556386197052
0 0.6220417844927036 0.6341817919935693 0.02592730032431163 0.05487317029858776
0 0.5454889671222636 0.6740858901323133 0.019568206168510117 0.04818612772394086
0 0.6278144975610728 0.6072750845682162 0.011319329545304768 0.022639824505632157
0 0.6122519529188041 0.5203542387752605 0.00967500892845372 0.017843063861970522
0 0.5876337824641087 0.5404810684766728 0.013100017856907443 0.03524908514929379
0 0.5743388956946337 0.5387711030055481 0.009702282467404188 0.01940556386197052
0 0.5568843887947748 0.6116787252816073 0.009865923701106106 0.02878056386197052
0 0.5280287317327602 0.6572590230520342 0.00967500892845372 0.017843063861970522
0 0.5346002857105197 0.586711576270343 0.02598184740221221 0.05799817029858776
0 0.5262695884704632 0.5564777730520343 0.016115923701106104 0.029217606436617416
0 0.464233238632619 0.5786698473055649 0.016225017856907442 0.035467606436617415
0 0.4664309383083074 0.5257633685928884 0.016225017856907442 0.035467606436617415
0 0.3987094245085897 0.6692841396281103 0.017951159090609535 0.044951867080279054
0 0.4385747195578955 0.5838982966851463 0.012909103084255058 0.02431158514929379
0 0.45069289001259083 0.5628973818344402 0.011482970779006863 0.03201482450563216
0 0.4265462779998819 0.5206334721795141 0.009865923701106283 0.02878056386197052
0 0.3786133384704632 0.5461526422260004 0.012909103084255058 0.02431158514929379
0 0.3224587958567894 0.5476880090541779 0.019322744317957153 0.03412362772394086
0 0.32993037661991015 0.5287030622724865 0.013018197240056484 0.03056158514929379
0 0.3327417309219812 0.5109528335598099 0.013045470779006774 0.03212408514929379
0 0.2626746927725343 0.520098604595032 0.0128272824674041 0.019624085149293792
0 0.23398663108413703 0.5305772826872899 0.021021612012708867 0.0420453883676025
0 0.22008777231783902 0.5389689368943342 0.016225017856907442 0.035467606436617415
0 0.20305600527171047 0.6360953091703934 0.021185253246410872 0.0514203883676025
0 0.19792244601894518 0.565509657561239 0.013045470779006774 0.03212408514929379
0 0.18627583400623635 0.5241198330556068 0.013045470779006774 0.03212408514929379
0 0.15813324309684587 0.5658485111478648 0.016197744317957154 0.03390510643661741