0 0.5676431280235443 0.166855857256549 0.11002952800763595 0.05752269334818112
0 0.6443334447008165 0.2440990625795949 0.10199885200509051 0.0386817866804539
0 0.7968044640356348 0.2532638825589141 0.10357953333863623 0.04026246801399935
0 0.7979669746976349 0.2188707012253686 0.07220226400381798 0.028961341343090474
0 0.5090681066995439 0.23629674793127586 0.04240567600254526 0.01924089600572696
0 0.5057800220400891 0.2894672012651395 0.047129538669636165 0.02242044000636332
0 0.7453794187221338 0.39997579789945914 0.08170453333863606 0.040007929344363105
0 0.5767106873806342 0.34177404125559446 0.050272720003181705 0.024019302673454222
0 0.581735089393679 0.43782233792173086 0.0517988573360908 0.020912484006999677
0 0.4630305427275426 0.44311036927118475 0.026726132001908987 0.014371582670272432
0 0.49429018073676956 0.5107245832670484 0.02514545066836362 0.012790901336727245
0 0.26063279606936046 0.5079739426320925 0.06914998933799979 0.03517497867599957
0 0.7578446980824053 0.5982951192314138 0.06124658267027243 0.027271572008272394
0 0.6019946874204051 0.6344882525859583 0.040861357336090795 0.020785214672181595
0 0.7677656854312227 0.7122576218969139 0.0942227146721816 0.041715880012726636
0 0.5222350094286774 0.6963620912635486 0.05025453866963616 0.022456802673454134
0 0.4031219301002227 0.7336904632797753 0.07852498933799978 0.03528406667727211
0 0.5250787461011772 0.7393035692632305 0.04393181333545435 0.016134077339272322
0 0.6093542961091314 0.7969246179185492 0.039280676002545256 0.019204533338636233
0 0.6586463187857673 0.8697984965786404 0.044040901336727244 0.025509077339272324
0 0.5286957367918124 0.9158478879296851 0.04869203866963616 0.022438621339908593
0 0.5857184434674938 0.9815996099220492 0.0674602200031817 0.02421929734245438