0 0.01015625 0.3265625 0.0203125 0.078125
0 0.1609375 0.64140625 0.03359375 0.0671875
0 0.2640625 0.315625 0.0265625 0.05234375
0 0.31171875 0.3765625 0.02890625 0.071875
0 0.3234375 0.4171875 0.01640625 0.03515625
0 0.375 0.21796875 0.0296875 0.06875
0 0.3828125 0.43203125 0.0328125 0.0703125
0 0.5078125 0.65234375 0.034375 0.07109375
0 0.49140625 0.62734375 0.025 0.0640625
0 0.4765625 0.50546875 0.015625 0.02734375
0 0.5171875 0.425 0.02265625 0.03671875
0 0.578125 0.28046875 0.025 0.04921875
0 0.63125 0.27890625 0.0296875 0.0703125
0 0.61328125 0.4234375 0.01328125 0.03671875
0 0.6390625 0.58984375 0.028125 0.04765625
0 0.6984375 0.44140625 0.01796875 0.03828125
0 0.7140625 0.52109375 0.01953125 0.03984375
0 0.6234375 0.525 0.0125 0.0515625
0 0.74609375 0.434375 0.0125 0.0359375
0 0.815625 0.396875 0.01484375 0.0265625
0 0.88828125 0.35703125 0.028125 0.06328125
0 0.9609375 0.29140625 0.03984375 0.08671875
0 0.98203125 0.39921875 0.03046875 0.0625
0 0.89140625 0.43046875 0.025 0.046875
0 0.92265625 0.55234375 0.0375 0.06875
0 0.98671875 0.4859375 0.02578125 0.05078125