0 0.1734375 0.434375 0.05546875 0.11015625
0 0.2515625 0.35859375 0.0375 0.1015625
0 0.2625 0.20625 0.0390625 0.10234375
0 0.228125 0.2046875 0.02890625 0.07109375
0 0.2421875 0.49375 0.01796875 0.0421875
0 0.2953125 0.49765625 0.021875 0.04609375
0 0.40859375 0.259375 0.0390625 0.08203125
0 0.3484375 0.42734375 0.0234375 0.05
0 0.44453125 0.4234375 0.0203125 0.0515625
0 0.4484375 0.5421875 0.0140625 0.0265625
0 0.51640625 0.51171875 0.0125 0.025
0 0.5109375 0.7453125 0.03515625 0.06875
0 0.60703125 0.24921875 0.0265625 0.0609375
0 0.64140625 0.40546875 0.0203125 0.04140625
0 0.72109375 0.240625 0.040625 0.09375
0 0.70234375 0.4859375 0.021875 0.05
0 0.73828125 0.60546875 0.03515625 0.07890625
0 0.7453125 0.48359375 0.015625 0.04296875
0 0.80390625 0.4 0.01875 0.0390625
0 0.87734375 0.3515625 0.02578125 0.04375
0 0.921875 0.48203125 0.02109375 0.0484375
0 0.98828125 0.42578125 0.0234375 0.0671875