0 0.2515566257017243 0.965098323435928 0.0796641892121193 0.026232458508151167
0 0.5778258956224562 0.7904596406480786 0.06979228174358668 0.03946616431700996
0 0.25985899085321573 0.7120208676270692 0.05513778589277143 0.030588071785542858
0 0.3244076655431879 0.6597470499907112 0.07400618506293437 0.03357136182749905
0 0.36592065931941065 0.6449499215664727 0.03555899170163031 0.018229781743586672
0 0.1706090819347904 0.6084833157622581 0.07099958423309745 0.03489706348717299
0 0.38526357778560555 0.5844501294499238 0.07279888257342346 0.03814046265733602
0 0.6150480113986474 0.44275584645693744 0.07447978174358649 0.03982136182749905
0 0.5888048201119357 0.46105648317954595 0.0659568867226085 0.029854365976683894
0 0.4658050279953869 0.4851353684522618 0.029308991701630305 0.017756185062934547
0 0.3884146564196256 0.4506079257156575 0.03915758838228234 0.024716580083912552
0 0.24850097405598354 0.4006223489557372 0.05189438672260831 0.028788773445216798
0 0.2509640458415263 0.34761574812590024 0.0725620842330974 0.035015462657336106
0 0.39413370538465153 0.3546325748858205 0.03844719336130424 0.015341580083912554
0 0.5624935416923414 0.31624181326345846 0.049006185062934374 0.03167697510489074
0 0.41855521015853636 0.26811473442894573 0.038920790041956366 0.021591580083912553
0 0.4994267018601667 0.2464513767506315 0.04204579004195637 0.021828378424238615
0 0.4964657999907113 0.336780378825224 0.05250969336130425 0.016407172615379828
0 0.4151351348485086 0.2209912806946793 0.03688469336130425 0.015223180913749523
0 0.3829038979207632 0.1543016107785919 0.027746491701630304 0.01763778589277143
0 0.34856570933334374 0.08466453961774903 0.06463118506293437 0.03286096680652095
0 0.28844627074592444 0.02030436576458035 0.09057837842423862 0.0406087315291607
0 0.3978571595431252 0.0028553727133039273 0.06486798340326043 0.005710745426607855
0 0.4222400076736698 0.07597477862008689 0.048769386722608485 0.028551975104890714
0 0.5464829910769303 0.03548964334737102 0.07159158008391256 0.04270956348717305