0 0.0765625 0.6078125 0.04921875 0.1203125
0 0.2015625 0.66796875 0.02890625 0.05390625
0 0.39921875 0.4703125 0.03828125 0.09296875
0 0.60078125 0.71015625 0.03515625 0.07265625
0 0.5578125 0.74453125 0.0171875 0.0359375
0 0.71015625 0.684375 0.0484375 0.0734375
0 0.6921875 0.74921875 0.0578125 0.065625
0 0.81484375 0.72421875 0.0203125 0.05078125
0 0.8546875 0.7140625 0.0421875 0.07734375
0 0.896875 0.72890625 0.04140625 0.065625
0 0.90703125 0.4484375 0.03984375 0.08046875
0 0.9203125 0.634375 0.03359375 0.07265625