0 0.5524447449794468 0.838794748761655 0.038811127723940866 0.020496590570540717
0 0.5067062740604404 0.789978413153513 0.03524908514929379 0.014101041356328814
0 0.5601701276470662 0.7475147772977022 0.03524908514929379 0.014101041356328992
0 0.6097002340836836 0.7608837644774207 0.028780563861970344 0.010684942927905538
0 0.5744568667513029 0.6716050947088791 0.03190556386197052 0.010830492142117265
0 0.4513692919935693 0.5926881902418183 0.05487317029858776 0.02747433664159917
0 0.40064839013231335 0.5174549038478882 0.04818612772394086 0.02093323821317572
0 0.4791500845682162 0.5976646346174658 0.022639824505632157 0.011956344499482085
0 0.5641042387752606 0.5795995312266436 0.017843063861970522 0.010175520678164495
0 0.5404810684766728 0.5556183757261256 0.03524908514929379 0.014101041356328814
0 0.5403336030055481 0.5423007384225726 0.01940556386197052 0.010248295285270359
0 0.46480372528160724 0.5270075322601009 0.028780563861970344 0.010684942927905361
0 0.4150715230520342 0.49953965777682957 0.017843063861970522 0.010175520678164495
0 0.48671157627034295 0.5040409131535131 0.05799817029858776 0.027619885855810898
0 0.5158527730520343 0.4948456956185018 0.029217606436617416 0.01693494292790554
0 0.4849198473055649 0.43358286393930134 0.035467606436617415 0.017226041356328815
0 0.5382633685928884 0.43423352729770226 0.035467606436617415 0.01722604135632899
0 0.38490913962811024 0.37083461497275866 0.044951867080279054 0.019225188998963992
0 0.4760857966851463 0.40812909967127775 0.02431158514929379 0.01359161910658777
0 0.49883488183444014 0.4196102551717956 0.03201482450563216 0.012392992142117264
0 0.5378209721795141 0.3942806153870434 0.02878056386197052 0.01068494292790545
0 0.5055276422260004 0.34718944561850174 0.02431158514929379 0.01359161910658795
0 0.4961255090541779 0.2911941567433723 0.03412362772394086 0.02027826674922304
0 0.5162030622724865 0.29809697415454905 0.03056158514929379 0.013882717535011224
0 0.5343903335598099 0.30038506617283167 0.03212408514929379 0.013955492142117176
0 0.5154111045950319 0.2307275376367844 0.019624085149293792 0.01337329528527027
0 0.5008897826872898 0.20240348449363127 0.0420453883676025 0.02220463978475227
0 0.4905314368943342 0.18877763213626642 0.035467606436617415 0.01722604135632886
0 0.3907828091703934 0.17461243238393545 0.05152964901126431 0.024203787427387446
0 0.460822157561239 0.16743132506417185 0.03212408514929379 0.013955492142117176
0 0.5006823330556068 0.15460168527941956 0.03212408514929379 0.013955492142117176
0 0.4549110111478648 0.12773312427838357 0.03390510643661741 0.017153266749222996