0 0.862474095370322 0.45106617641655083 0.01611592370110628 0.028215903590796287
0 0.7652854496723932 0.43253382415361463 0.014553423701106105 0.028206813231716588
0 0.8053434338440806 0.48979233313060505 0.01463524431795733 0.032894313231716585
0 0.7652075831954575 0.3833196193331544 0.011428423701106106 0.028188632513557365
0 0.6961672568965636 0.41104009835411137 0.012881829545304768 0.02194772287263689
0 0.6551349281620377 0.5217276134794219 0.019568206168510117 0.04698408430895533
0 0.612111631084137 0.5183526286047324 0.0147170649348082 0.03758181323171659
0 0.5943320215070601 0.39482422501393627 0.01611592370110628 0.028215903590796197
0 0.5520196107915976 0.5664356046006274 0.016470479707460583 0.048528403590796285
0 0.5394184249156269 0.47105947208707005 0.02291139448011297 0.05950226502711473
0 0.4914678944768177 0.5434293757760621 0.009920470779006863 0.031304542154477664
0 0.5385241266199101 0.5093316317279903 0.01282728246740401 0.018822722872636886
0 0.5163939821397973 0.44983391188041555 0.016061376623205347 0.025090903590796288
0 0.5548740551922803 0.37194071603694584 0.014498876623205348 0.02508181323171659
0 0.47919794520816633 0.42227653844204455 0.014553423701106105 0.028206813231716588
0 0.42862302110002304 0.5680612162333375 0.016334112012708957 0.040715903590796285
0 0.4581275146072013 0.4682430234149299 0.012990923701106105 0.028197722872636888
0 0.44068091598717307 0.4532992794650541 0.013045470779006862 0.03132272287263689
0 0.41007579829242147 0.44530951746300157 0.012936376623205348 0.02507272287263689
0 0.4329269172049891 0.4118521228491959 0.016170470779006862 0.03134090359079629
0 0.35771841152294626 0.4442237404338344 0.011346603084255058 0.023501132513557364
0 0.3316916996723932 0.43001124950902075 0.016388659090609537 0.04384090359079629
0 0.3227570304355139 0.41043000253408285 0.009756829545304768 0.021929542154477843
0 0.2986473745913153 0.41653910196834865 0.012936376623205436 0.02507272287263689
0 0.2480706761334428 0.4279624152982612 0.01943183847375849 0.03917158430895533
0 0.22634568059766966 0.43642890027114645 0.016225017856907442 0.034465903590796286
0 0.20315937093786732 0.5401897045258727 0.016525026785361163 0.05165340359079629
0 0.18074285429877582 0.4642857346782977 0.01943183847375849 0.03917158430895533
0 0.15294513676617988 0.4828721082148647 0.012881829545304768 0.02194772287263689
0 0.17351100689656357 0.4079993732419793 0.013045470779006774 0.03132272287263689
0 0.034909977268533274 0.6126409005657341 0.017787517856907475 0.03447499394987581
0 0.06566727921769791 0.45033634328594585 0.019459112012708824 0.04073408430895533