0 0.02156006378714887 0.3266806786680454 0.02304068511654279 0.0783613573360908
0 0.1833358998068163 0.6432789273551809 0.03672123920022678 0.06758748933799978
0 0.2750843678708329 0.3186976453691802 0.02841766587924912 0.05343408267027261
0 0.32486860226173625 0.3801896760423163 0.0306349303072194 0.07220226400381798
0 0.33800600852233853 0.42095103604390705 0.016825401451278844 0.03455681333545435
0 0.3826116364751544 0.22233227005090678 0.03208830290255769 0.06909544533736342
0 0.39789936369448164 0.4364856767186339 0.035267866604888544 0.07069430800445424
0 0.5305928457231323 0.6582526834022696 0.03688493030721922 0.07227498933799978
0 0.5133135764858385 0.6330617794000424 0.02723711179556503 0.06435340133672707
0 0.49421385770403187 0.5110140567313607 0.016607146641955416 0.028306813335454352
0 0.5320288270339928 0.43101802140354223 0.023184528855940557 0.03775453866963616
0 0.5879191845683887 0.2871958434118146 0.026746038474587407 0.05029090133672707
0 0.6409896208660577 0.2862515087523597 0.03214286660488845 0.07065794533736343
0 0.628068013331662 0.4305736734165871 0.013809528855940556 0.037645450668363625
0 0.6596602976298981 0.597279915420087 0.029761911069925696 0.047202264003817974
0 0.7138517459084668 0.4495333060948138 0.020059528855940555 0.037718176002545435
0 0.7322594947273404 0.5294026194302683 0.02016865626060227 0.04084317600254543
0 0.6417709039831676 0.5322543520846325 0.014300602176918175 0.051707950668363624
0 0.761262459247978 0.44305658676794996 0.013754965153609789 0.036082950668363624
0 0.8294841803920374 0.4063656561107222 0.01655258293962447 0.02674431333545435
0 0.9007490559826005 0.36736733812058536 0.03030754809323426 0.06282726400381797
0 0.9711136304847046 0.3025877701304485 0.04368056733052796 0.0879727146721816
0 0.9896280009494582 0.4106457181333121 0.020743998101083606 0.06286362667090888
0 0.9064385499921507 0.44084120078767625 0.026636911069925873 0.047165901336727066
0 0.9419445187739575 0.5630798274585851 0.03990080290255769 0.06918635200509068
0 0.9951575210938012 0.49741901213394846 0.009684957812397598 0.05029090133672724