0 0.44524834660559554 0.12973456298454064 0.02821590359079611 0.016607146641955416
0 0.4267159943426592 0.2272370455613455 0.028206813231716588 0.015044646641955418
0 0.4839745033196497 0.18618297042626927 0.032894313231716585 0.015208337748947986
0 0.3775017895221991 0.22817455218476748 0.028188632513557365 0.011919646641955417
0 0.4052222685431561 0.29672365554281205 0.02194772287263689 0.013263891832631991
0 0.5159097836684665 0.3358183826773213 0.04698408430895533 0.020386911069925694
0 0.5125347987937772 0.378896260081983 0.03758181323171659 0.015372028855940556
0 0.3890063952029809 0.39883179256612056 0.02821590359079611 0.016607146641955416
0 0.5606177747896719 0.43814228530972643 0.048528403590796285 0.01731647477225664
0 0.46524164227611475 0.4524081711519087 0.05950226502711473 0.023948420688572548
0 0.5376115459651067 0.4990897089935239 0.031304542154477845 0.01046627404661713
0 0.5035138019170351 0.4526338604448027 0.018822722872636886 0.013154764427970278
0 0.44401608206946025 0.47580103113337524 0.025090903590796288 0.016498019237293705
0 0.3661228862259905 0.43868546624991805 0.02508181323171659 0.014935519237293703
0 0.4164587086310892 0.5134746459241653 0.028206813231716588 0.015044646641955239
0 0.5622433864223823 0.5614979397562302 0.040715903590796285 0.01704365626060227
0 0.4624251936039746 0.5337400167054049 0.028197722872636888 0.013482146641955416
0 0.4474814496540988 0.5514458718775481 0.03132272287263689 0.01359127404661713
0 0.43949168765204616 0.5821874403892024 0.02507272287263689 0.013373019237293704
0 0.40603429303824046 0.5599230599893158 0.03134090359079629 0.01671627404661713
0 0.438405910622879 0.6345584722403679 0.023501132513557364 0.011755955534962937
0 0.4241934196980653 0.6608307955613455 0.04384090359079629 0.01715278366526398
0 0.40461217272312744 0.6701065918404812 0.021929542154477667 0.010138891832631813
0 0.41072127215739335 0.6941070870311578 0.02507272287263689 0.013373019237293704
0 0.4221445854873059 0.7444791092636763 0.03917158430895533 0.020114092558271325
0 0.43061107046019115 0.7660540089008567 0.03446590359079611 0.016825401451278844
0 0.5343718747149172 0.7874255226958548 0.05165340359079629 0.017425602176918176
0 0.4584679048673424 0.8111656122589013 0.03917158430895533 0.020114092558271325
0 0.4770542784039093 0.8386358478309308 0.02194772287263689 0.013263891832632168
0 0.40218154343102397 0.8193799055428121 0.03132272287263689 0.01359127404661713
0 0.6068230707547787 0.9543922786863046 0.03447499394987581 0.01838790145127902
0 0.4445185134749906 0.9264731537287136 0.04073408430895533 0.020168656260602092