0 0.5696618026210418 0.19978190777232038 0.11068423328249999 0.06134422249741003
0 0.6472614321800696 0.28143647621695445 0.10243532218833344 0.042230349461880756
0 0.7998597553183335 0.29946950040977555 0.10403418977951376 0.04386562406898662
0 0.8006221683123613 0.2651672750168814 0.07252961664125017 0.03147263192686944
0 0.5118869766329863 0.2657664727022978 0.04262391109416654 0.02071491439185813
0 0.5092172247331253 0.3187095361845332 0.04738414627652787 0.02405823821317572
0 0.7501351250937156 0.44308891376817633 0.08215918977951393 0.042846779569504535
0 0.5807662228332642 0.37510939350429673 0.05054551386770818 0.025766287427387447
0 0.5869090796908685 0.4713850800220614 0.05203527868534721 0.02271406203449331
0 0.4682499986688198 0.46976045988201615 0.02688980832062491 0.015299668320799497
0 0.500300738885174 0.5391483147205804 0.025290940729444423 0.013664393713693813
0 0.26657970231604206 0.5227997609582549 0.06955008700597229 0.037577082712657625
0 0.7649100591736463 0.6419994487143645 0.06155574905006951 0.02940070967712849
0 0.6094601461796186 0.6690969880037787 0.04109777868534721 0.02220463978475227
0 0.776158643329827 0.7564622090534467 0.09469555737069442 0.04499147642635144
0 0.5304097322356602 0.7262865957378271 0.050509146276527875 0.024203787427387446
0 0.4117149368328131 0.7566568382942289 0.0789250870059723 0.038013730355292805
0 0.5337535909931257 0.7693645076484859 0.044113675911805574 0.017662688998963994
0 0.6187111256623965 0.8318516991286492 0.03949891109416655 0.020569365177646404
0 0.6688579024478827 0.9075452119489309 0.04433188145888885 0.027037688998964172
0 0.5394256287965286 0.9459997822555918 0.04894664627652787 0.024131012820281583